511 7660286
0 0 0 0 0 499 0 0 347 0 
0 0 0 0 0 0 442 0 0 0 
0 0 0 0 0 0 0 0 715 0 
0 0 0 0 0 0 0 335 0 0 
0 0 0 134 0 0 0 0 25 291 
0 605 0 0 0 0 0 0 0 0 
0 0 0 0 0 9 0 0 0 0 
22 0 0 35 0 0 0 0 0 0 
0 0 0 0 0 267 0 0 0 0 
0 344 0 0 0 105 0 0 0 0 
0 0 0 0 0 0 0 122 0 0 
0 0 98 0 0 0 0 465 412 0 
81 0 103 139 0 0 0 0 0 0 
204 0 192 201 0 0 0 0 0 0 
0 0 0 0 0 393 0 99 0 0 
0 0 0 0 355 0 0 0 0 0 
0 0 0 0 478 0 42 108 0 0 
0 0 914 0 0 0 0 0 44 0 
0 0 0 183 91 0 0 0 0 0 
0 0 0 0 0 0 0 0 511 0 
0 0 0 208 397 0 278 0 0 0 
37 0 0 568 0 0 219 0 0 0 
0 0 0 95 0 0 0 0 0 604 
64 0 0 0 176 102 161 55 0 0 
17 0 0 0 0 0 0 0 676 0 
63 272 0 0 0 0 0 291 0 0 
0 0 60 0 0 183 0 0 0 0 
312 175 0 0 0 0 82 30 328 0 
0 0 111 0 93 0 0 0 0 0 
96 0 0 0 0 88 0 0 0 0 
487 0 0 0 0 0 0 0 0 0 
0 0 0 0 806 0 0 0 172 0 
0 655 0 0 0 0 0 0 0 0 
0 27 0 0 229 0 0 0 0 0 
0 0 287 0 0 0 0 0 0 0 
0 0 0 0 0 0 10 0 0 0 
0 0 0 0 0 89 0 0 156 0 
0 0 0 0 0 0 0 36 0 195 
0 0 0 0 0 0 178 0 0 226 
0 0 0 0 0 0 0 0 208 474 
0 222 0 0 0 0 0 0 0 0 
0 0 0 0 0 0 0 0 38 0 
0 0 0 0 719 0 0 0 0 213 
0 0 0 0 0 0 0 74 877 0 
0 754 0 0 0 0 0 0 0 0 
0 0 0 0 0 0 0 0 423 34 
0 0 0 613 240 0 0 0 0 0 
0 507 0 0 0 0 0 0 0 0 
0 0 0 60 0 0 0 0 0 0 
0 0 0 362 0 0 0 277 0 0 
0 0 0 0 189 0 0 0 0 0 
0 0 0 0 0 171 0 0 0 0 
0 257 0 0 0 0 0 397 0 34 
222 0 0 0 0 0 17 0 0 0 
0 0 0 0 554 0 0 0 0 0 
0 0 0 0 0 0 583 0 0 0 
0 0 0 43 0 0 0 0 0 0 
0 162 0 0 0 0 0 0 0 0 
0 0 0 0 0 120 0 71 0 0 
0 0 0 0 0 0 0 16 5 0 
0 0 467 0 0 0 0 0 101 0 
0 708 0 0 0 0 0 0 0 152 
0 0 0 0 0 0 598 9 0 0 
50 0 0 0 0 0 0 3 0 2 
0 0 204 0 0 0 0 0 0 0 
0 0 55 0 0 0 171 55 0 0 
692 0 0 0 220 0 0 0 0 0 
641 0 0 0 0 0 0 0 0 0 
0 0 0 35 0 0 0 0 386 0 
0 0 336 0 301 0 0 0 0 0 
251 0 0 0 0 0 0 0 0 0 
0 0 0 0 0 0 0 0 174 11 
0 0 0 0 20 0 0 0 138 0 
0 78 0 295 0 0 0 0 0 0 
0 0 24 0 0 0 537 0 0 0 
0 0 0 0 0 0 0 0 174 0 
0 321 0 0 0 0 0 0 0 248 
0 0 0 0 406 0 95 255 0 137 
0 0 0 0 0 0 131 0 0 0 
0 0 0 0 0 0 177 316 0 0 
0 51 0 167 0 0 0 0 17 0 
0 0 0 0 0 817 0 0 0 0 
0 0 620 0 0 0 0 0 0 0 
0 0 0 0 589 0 0 0 0 0 
0 0 86 0 0 0 0 0 0 0 
0 0 89 128 84 0 0 0 0 0 
0 0 0 0 0 0 751 0 0 0 
0 0 0 0 0 0 169 0 0 0 
148 0 0 65 0 0 244 0 0 0 
0 0 370 0 0 0 0 0 0 0 
180 0 0 0 0 0 0 205 0 132 
0 0 0 0 0 0 0 0 0 809 
0 0 0 0 0 606 0 0 0 105 
0 0 0 0 0 659 0 0 0 0 
0 166 0 0 0 0 0 0 0 0 
0 0 321 0 0 0 0 0 0 0 
0 582 0 0 0 0 0 185 0 0 
0 68 0 0 0 626 269 0 0 0 
0 0 0 0 0 0 0 771 0 0 
0 0 0 0 0 0 291 0 0 0 
