0 4323
5 0 0 2 0 
1 6 0 0 0 
8 4 0 5 0 
2 5 0 0 0 
2 0 1 0 3 
3 4 1 4 7 
4 4 5 2 0 
1 6 0 0 0 
2 2 1 0 8 
3 4 0 0 0 
4 8 0 0 0 
0 3 8 2 0 
0 7 5 0 0 
0 3 2 0 0 
1 0 0 0 0 
0 0 0 0 7 
1 0 0 0 0 
1 0 0 0 0 
0 0 4 0 0 
0 2 10 2 0 
5 0 0 0 0 
0 0 0 8 0 
0 0 8 0 0 
0 0 9 0 0 
0 7 0 0 0 
0 0 0 0 0 
0 0 0 1 0 
0 6 3 0 0 
0 0 0 17 0 
0 0 0 3 11 
0 3 7 0 8 
0 0 0 8 0 
0 0 2 0 0 
0 0 3 9 4 
6 2 0 5 0 
2 0 0 0 0 
0 0 0 0 0 
0 0 6 0 5 
0 0 11 0 0 
3 0 0 0 0 
0 0 5 0 0 
0 0 0 0 0 
0 0 0 0 0 
0 0 0 0 0 
0 0 0 6 0 
0 0 0 5 0 
6 0 0 0 0 
0 0 0 0 0 
1 0 0 0 0 
0 9 0 0 0 
0 0 0 0 0 
0 0 0 0 3 
0 0 0 0 0 
0 0 0 11 0 
0 0 0 0 0 
0 0 0 0 0 
0 0 0 0 18 
0 0 0 0 0 
3 0 0 0 0 
0 0 0 0 0 
5 0 0 0 0 
0 0 0 0 0 
0 0 0 0 8 
3 0 0 0 0 
0 0 0 0 0 
0 0 0 0 0 
0 0 6 0 0 
0 0 0 0 0 
2 0 0 0 0 
4 0 0 0 0 
0 0 0 0 0 
0 5 0 0 0 
0 0 0 0 11 
1 0 0 0 0 
0 0 0 0 0 
0 0 0 0 0 
1 0 0 0 0 
0 0 0 0 10 
0 0 0 0 0 
0 0 0 0 0 
0 8 0 0 0 
0 0 0 0 17 
0 0 0 0 0 
2 0 0 0 0 
0 0 0 0 0 
0 0 0 0 0 
0 0 0 7 0 
0 0 0 0 0 
0 0 0 0 0 
0 0 0 14 0 
0 0 0 0 0 
0 2 0 0 0 
7 0 0 0 0 
0 0 0 0 16 
0 0 0 0 0 
0 3 0 0 0 
0 0 0 0 0 
0 0 0 0 0 
0 5 0 0 0 
0 0 0 0 0 
