0 10471430
62 0 162 0 0 
283 17 203 0 279 
169 243 494 0 0 
200 0 0 27 0 
74 322 0 0 6 
154 2 0 0 0 
85 0 0 0 0 
204 142 0 157 0 
117 3 37 160 227 
346 0 0 0 0 
37 0 0 0 0 
0 0 204 345 0 
0 236 0 0 0 
46 0 0 0 0 
0 276 206 0 0 
2 0 574 111 0 
55 386 232 0 0 
0 66 33 0 96 
0 0 0 312 0 
355 303 0 0 0 
183 31 0 0 0 
0 0 0 0 0 
0 0 29 257 470 
37 429 287 0 0 
0 0 390 26 0 
0 0 0 151 623 
0 157 0 164 364 
163 0 0 0 0 
0 0 0 0 0 
47 0 0 0 0 
0 226 0 0 0 
177 0 0 0 0 
15 0 0 0 0 
0 394 0 0 0 
0 0 0 42 0 
0 0 0 0 0 
0 0 0 0 420 
0 0 329 0 0 
91 0 0 0 0 
0 137 91 337 353 
0 69 0 377 288 
0 0 0 0 0 
0 0 0 0 331 
75 0 0 0 0 
348 0 0 0 0 
0 0 0 0 0 
0 0 0 515 0 
0 0 0 0 0 
0 0 0 0 0 
0 0 0 0 0 
0 326 0 0 0 
52 0 0 0 0 
0 0 0 0 0 
0 0 129 0 398 
0 0 0 0 0 
0 0 322 0 0 
0 0 0 0 0 
0 0 0 0 446 
215 0 0 0 0 
64 0 0 0 0 
0 0 0 498 0 
28 0 0 0 0 
0 0 0 0 0 
309 0 0 0 0 
0 0 0 399 0 
0 0 0 0 72 
0 0 0 0 0 
8 0 0 0 0 
0 0 0 0 0 
0 0 0 470 0 
0 0 0 0 316 
0 0 0 0 0 
0 196 0 0 0 
0 0 433 0 0 
99 0 0 0 0 
0 0 0 0 0 
64 0 0 0 0 
0 0 0 0 0 
136 0 0 0 0 
0 0 442 0 0 
140 0 0 0 0 
99 0 0 0 0 
0 0 0 674 0 
0 0 0 0 390 
131 0 0 0 0 
0 0 0 0 0 
0 0 0 0 0 
0 0 212 0 0 
119 0 0 0 0 
0 0 0 0 584 
0 0 0 0 0 
0 0 0 0 0 
0 0 264 0 0 
163 0 0 0 0 
0 0 0 0 0 
0 0 0 626 0 
262 0 0 0 0 
0 0 0 0 0 
0 0 0 0 0 
1 0 0 0 0 
