10 10 10
23 62 76 8 7 13 61 64 80 57
99 81 54 100 47 52 78 71 18 83
63 21 45 13 31 94 50 88 53 39
54 60 51 29 78 16 33 29 47 11
26 64 29 18 89 67 9 8 79 63
41 15 33 60 41 60 30 91 98 40
89 94 100 5 1 11 76 62 92 92
80 73 17 73 22 51 69 3 70 68
99 99 6 54 88 71 83 37 38 23
25 35 82 25 32 6 52 83 92 52
12 85 71 7 11 62 20 86 6 47
62 54 86 7 7 90 14 73 19 24
99 94 46 2 91 65 75 56 11 10
45 84 91 18 1 64 65 57 76 16
8 93 50 13 74 32 7 90 59 96
35 33 92 75 4 34 7 1 47 83
39 56 42 53 31 61 43 77 59 29
93 39 32 53 80 43 69 38 9 59
44 11 63 8 69 68 9 60 8 72
75 33 23 100 65 80 7 84 84 76
96 82 45 11 83 80 58 66 30 28
35 4 62 51 54 4 56 61 43 44
94 52 50 86 64 24 72 11 32 24
68 100 43 62 90 66 46 30 76 88
14 45 7 57 68 54 76 80 5 62
88 97 50 1 16 58 11 10 19 8
43 7 100 48 4 80 49 30 36 27
88 57 0 100 81 30 61 82 13 39
9 67 5 88 91 27 39 52 86 26
65 86 40 88 98 8 79 72 84 27
81 57 62 68 44 14 3 62 51 51
32 74 69 13 23 25 92 33 1 10
76 78 32 5 10 25 32 47 44 71
66 88 83 49 38 95 16 99 95 17
12 15 91 91 69 15 34 98 26 9
19 89 42 10 66 68 11 80 83 11
37 6 4 7 13 1 83 48 27 3
21 22 88 34 69 22 66 23 27 97
68 8 84 46 32 89 93 24 19 25
68 91 64 52 70 68 33 76 25 24
81 29 5 65 82 20 28 78 57 86
64 75 97 81 0 79 39 78 77 96
17 3 52 64 51 87 71 43 33 33
82 53 20 41 28 91 2 62 7 77
47 38 89 36 98 7 38 25 15 34
63 35 25 32 31 95 71 45 1 25
64 1 56 14 86 56 6 15 60 20
87 98 56 34 90 23 98 31 67 80
14 66 19 62 94 29 72 60 25 9
4 70 91 6 99 62 83 81 57 71
58 30 51 3 48 39 75 25 22 56
70 50 69 55 22 88 7 65 14 23
65 40 9 62 2 85 20 18 67 36
68 6 43 29 16 37 36 61 88 18
65 6 75 13 90 36 63 74 29 79
61 53 8 90 80 54 17 98 60 91
24 89 58 63 11 10 33 19 48 64
76 91 4 30 33 66 69 23 61 9
35 42 51 52 17 52 39 64 5 35
85 77 47 78 68 94 51 30 31 78
52 3 98 98 34 2 68 1 42 79
1 57 63 9 8 79 57 95 64 28
5 7 61 62 67 54 35 7 18 87
94 59 42 1 89 44 70 27 97 64
23 70 98 2 64 20 34 54 93 87
73 66 76 14 18 9 13 28 10 16
88 44 96 18 67 72 21 90 9 94
65 77 1 93 4 86 14 89 47 21
36 7 34 75 10 65 17 74 12 95
96 21 27 77 66 53 24 38 56 33
6 7 50 67 25 14 86 93 91 9
48 37 68 76 86 30 48 21 74 66
86 32 70 91 5 8 15 26 99 63
93 59 93 27 44 94 62 7 87 16
36 5 4 10 9 56 49 30 51 89
63 40 33 58 80 78 41 20 25 76
25 69 65 83 10 41 7 69 46 46
50 84 48 24 31 69 32 56 34 16
51 67 90 69 33 11 47 37 58 15
2 32 87 58 60 68 94 80 51 49
0 83 4 63 61 22 38 81 88 60
19 21 1 55 47 38 39 30 76 64
14 34 41 70 63 68 58 70 33 34
62 85 64 51 29 100 15 87 73 75
57 87 75 12 37 66 83 99 43 23
36 85 5 17 99 67 17 12 73 42
46 80 44 85 77 83 24 71 15 8
13 77 26 55 60 55 14 82 37 97
52 82 18 3 82 17 2 63 35 34
98 12 44 100 7 96 57 99 63 50
31 40 54 3 62 57 86 80 71 75
94 35 20 77 87 43 13 29 19 38
9 43 70 78 21 58 1 62 73 31
56 45 0 75 20 44 47 42 29 68
83 24 61 56 52 10 70 38 5 50
76 57 83 30 49 49 60 60 26 92
72 3 0 60 38 58 18 12 98 88
66 28 2 28 10 32 70 21 94 49
32 47 92 67 37 76 45 90 7 20
24 56 38 26 81 78 87 88 26 9
43 78 95 90 4 4 0 1 86 33
10 76 36 80 47 4 77 39 21 9
63 55 28 52 61 11 33 19 78 79
54 81 61 68 87 6 90 6 4 45
22 63 3 83 77 7 15 42 70 14
73 65 85 28 80 72 23 71 87 45
100 19 13 20 18 80 23 16 58 90
95 36 36 30 66 26 40 88 81 16
66 10 4 23 37 83 34 50 29 96
16 80 84 44 41 60 53 62 65 25
16 90 43 25 11 95 91 54 90 41
79 13 83 29 13 28 10 88 55 74
23 83 34 11 10 34 28 38 43 52
19 90 97 0 1 36 82 79 51 60
1 98 73 42 18 61 44 83 18 11
30 71 18 64 55 27 22 3 11 80
57 60 43 60 76 26 24 74 100 50
5 34 62 30 1 15 52 76 27 77
64 7 35 94 84 78 92 78 11 51
9 51 37 95 39 49 8 2 24 84