5 10 2
19 26 55 7 20 91 20 42 90 82
76 100 85 17 40 38 64 23 42 61
79 7 92 22 77 23 33 83 17 19
91 69 41 79 49 46 67 45 80 66
9 74 33 78 55 12 62 3 78 36
26 84 19 20 70 88 97 39 3 19
3 94 15 12 12 97 21 92 38 2
42 69 63 33 93
71 81 42 83 41
91 25 44 55 89
7 66 45 47 76
100 21 24 70 30
93 59 72 56 69
33 25 36 6 38
48 42 94 83 28
44 21 43 0 98
28 69 27 50 39
90 18 96 14 23
54 89 75 60 80
61 93 51 24 50
25 41 70 85 95
6 5 73 8 75
22 72 46 48 9
23 37 38 9 82
87 2 59 93 30
38 84 43 48 12
70 33 52 79 50