5 10 10
7 7 17 7 6 19 15 7 13 7
12 13 12 5 1 11 1 1 16 14
5 17 8 9 7 20 9 9 18 14
18 8 13 16 13 2 0 11 11 3
11 0 0 0 17 5 6 15 1 9
15 9 11 11 20 11 18 20 3 11
5 9 8 3 16 15 6 13 2 4
20 5 16 1 0 18 1 15 12 19
8 17 8 2 9 16 7 10 19 19
12 2 7 17 13 3 20 10 5 17
19 1 15 8 9 5 12 2 8 10
19 16 11 8 9 7 4 12 7 15
12 8 15 14 1 1 11 9 16 10
2 18 5 20 11 9 10 0 17 19
8 20 19 20 3 14 18 15 8 11
14 20 13 15 9
19 6 14 16 3
6 5 6 1 17
4 20 6 13 17
14 13 19 2 4
18 1 12 14 7
15 14 11 17 15
13 2 14 9 12
2 10 2 2 1
19 13 2 13 5
10 4 3 12 0
11 7 2 18 2
7 15 10 6 8
4 10 16 3 0
20 8 17 6 5
5 16 10 15 2
9 1 0 17 18
16 14 8 9 13
6 18 20 10 1
0 1 20 16 11
4 19 19 10 4
12 5 14 5 19
12 2 1 18 19
1 2 3 3 7
0 18 15 18 1
3 16 20 11 7
12 1 3 16 14
18 8 10 11 5
6 9 5 6 4
1 18 8 16 15
10 20 20 4 7
11 11 2 16 3
5 10 7 15 10
6 1 17 20 5
7 14 13 6 12
8 7 8 20 9
6 3 5 2 10
1 1 2 16 12
6 16 3 12 20
5 19 16 6 1
11 0 9 5 6
9 7 14 11 6
16 9 4 12 2
19 8 11 7 3
16 4 9 7 12
20 13 6 5 6
9 14 12 0 17
5 5 3 13 9
2 0 2 12 1
15 3 10 5 4
19 17 9 1 14
18 8 13 12 3
3 11 18 19 17
17 10 6 3 8
19 16 15 17 19
5 7 19 15 11
3 15 20 6 5
0 15 13 13 8
10 9 9 16 12
17 4 2 4 2
19 18 0 0 3
6 1 9 3 16
13 18 4 12 0
1 14 15 20 9
19 12 9 8 9
14 20 1 11 9
20 15 6 5 3
14 5 15 15 8
13 6 18 9 19
9 14 10 10 2
15 12 12 12 6
1 15 18 2 5
10 19 15 19 3
5 7 12 14 5
9 9 5 19 11
4 6 2 8 8
9 15 1 3 15
12 1 12 12 3
19 20 4 19 2
6 1 20 6 1
3 7 1 17 7
15 7 2 6 0
1 1 7 8 4
6 11 9 7 20
14 0 12 20 14
3 16 19 20 13
1 19 16 2 12
6 0 10 13 18
17 9 9 16 0
3 0 7 1 4
18 0 20 13 15
7 6 20 12 0
7 1 7 15 7
7 6 2 7 10
9 1 9 11 12
8 11 0 4 18
3 6 2 5 13
12 2 18 11 13
2 15 13 13 18
17 10 14 13 11