511 6777001
0 0 0 0 0 499 0 0 276 0 
0 0 0 0 214 0 0 0 0 0 
0 0 0 0 0 0 0 20 695 0 
0 52 0 0 0 0 0 283 0 0 
0 0 0 134 0 0 0 0 49 291 
0 605 0 0 0 0 0 0 0 0 
0 0 0 0 0 9 0 0 0 0 
22 0 0 35 0 0 0 0 0 0 
0 0 0 0 0 267 0 0 0 0 
0 344 0 0 0 0 0 0 0 0 
0 0 0 0 0 0 0 122 0 0 
0 708 98 0 0 0 0 169 0 0 
81 0 242 0 0 0 0 0 0 0 
172 0 192 123 0 0 0 0 110 0 
0 0 0 0 0 393 0 99 0 0 
0 0 0 0 355 0 0 0 0 0 
0 0 0 0 0 0 661 0 0 0 
0 0 914 0 0 0 0 0 44 0 
0 0 0 274 0 0 0 0 0 0 
0 0 0 0 0 0 0 0 511 0 
0 0 0 0 586 0 92 205 0 0 
37 0 0 568 0 0 0 0 0 0 
0 0 0 234 0 0 0 0 0 465 
0 0 0 0 558 0 0 0 0 0 
17 0 24 0 0 0 0 0 652 0 
73 69 0 0 0 0 0 484 0 0 
0 0 0 0 0 272 0 0 0 0 
0 0 0 0 0 626 0 0 301 0 
0 0 0 0 204 0 0 0 0 0 
96 0 0 0 0 21 0 0 0 0 
112 0 0 375 0 0 0 0 0 0 
0 0 0 0 256 0 661 0 61 0 
0 655 0 0 0 0 0 0 0 0 
0 256 0 0 0 0 0 0 0 0 
0 0 287 0 0 0 0 0 0 0 
0 0 0 0 0 0 10 0 0 0 
0 0 0 0 0 0 89 0 156 0 
231 0 0 0 0 0 0 0 0 0 
0 0 0 0 0 0 142 0 0 262 
0 0 0 0 0 0 0 0 213 469 
0 222 0 0 0 0 0 0 0 0 
0 0 0 0 0 0 0 0 38 0 
0 60 0 0 739 0 0 0 0 0 
0 0 0 0 0 0 0 184 767 0 
0 754 0 0 0 0 0 0 0 0 
0 0 0 0 0 0 0 0 457 0 
0 0 60 13 780 0 0 0 0 0 
81 426 0 0 0 0 0 0 0 0 
0 0 0 60 0 0 0 0 0 0 
0 0 0 362 0 0 0 116 0 0 
0 0 0 0 0 0 0 0 189 0 
0 0 0 0 336 171 0 0 0 0 
0 197 0 0 0 0 0 0 0 491 
214 0 0 0 0 0 25 0 0 0 
0 0 0 0 554 0 0 0 0 0 
0 0 0 0 0 0 583 0 0 0 
0 0 0 0 0 0 43 0 0 0 
0 162 0 0 0 0 0 0 0 0 
0 0 0 0 0 191 0 0 0 0 
0 0 0 0 0 0 0 0 0 0 
0 0 467 0 0 0 0 0 0 0 
0 0 0 0 0 0 0 0 0 860 
0 0 0 0 0 0 598 247 0 0 
55 0 0 0 0 0 0 0 0 0 
0 0 204 0 0 0 0 0 0 0 
0 0 2 0 0 0 279 0 0 0 
692 0 0 0 158 0 0 0 0 0 
641 0 0 0 0 0 0 0 0 0 
0 0 0 12 0 0 0 0 409 0 
0 0 690 0 301 0 0 0 0 0 
73 0 0 0 0 0 178 0 0 0 
0 0 0 0 0 0 0 296 0 0 
0 0 0 0 0 0 0 0 158 0 
0 0 0 373 0 0 0 0 0 0 
0 0 0 0 0 0 537 0 0 0 
0 0 30 0 0 0 0 0 144 0 
0 321 0 0 0 0 0 0 0 248 
0 0 0 0 406 0 0 285 0 202 
0 0 111 0 0 0 20 0 0 0 
0 0 0 0 0 0 0 493 0 0 
0 51 0 0 0 0 8 0 0 0 
0 0 0 0 0 817 0 0 0 0 
0 0 481 0 0 0 0 139 0 0 
0 0 0 0 436 0 153 0 0 0 
0 0 86 0 0 0 0 0 0 0 
0 0 112 125 64 0 0 0 0 0 
0 0 0 643 0 0 0 108 0 0 
0 0 0 0 0 0 169 0 0 0 
237 0 0 0 0 0 220 0 0 0 
0 0 16 0 0 172 182 0 0 0 
733 0 0 0 0 0 0 0 0 132 
0 0 0 0 0 0 0 0 697 112 
0 0 0 0 0 606 0 0 0 0 
0 0 0 0 0 659 0 0 0 0 
0 166 0 0 0 0 0 0 0 0 
0 0 321 0 0 0 0 0 0 0 
0 582 0 0 0 0 0 185 0 0 
0 324 0 0 0 0 509 0 0 130 
0 0 0 0 0 31 0 740 0 0 
0 0 0 0 0 0 286 0 0 5 
