30 19899
9 0 0 0 41 0 0 0 0 0 
18 0 0 18 0 0 0 0 0 0 
0 0 0 0 0 5 42 0 0 0 
0 1 0 0 0 0 0 0 0 0 
0 24 0 0 0 4 0 0 0 0 
15 0 0 0 0 0 0 0 0 0 
0 0 0 4 0 0 0 0 0 42 
14 0 0 0 0 0 0 0 0 0 
0 0 1 0 0 0 0 0 0 0 
0 0 0 0 0 0 0 0 16 0 
0 0 21 0 0 0 0 8 0 19 
0 0 0 0 0 1 0 24 0 0 
0 0 5 0 0 0 0 0 0 0 
0 0 0 0 0 0 0 15 14 0 
0 0 40 0 0 0 0 0 0 0 
0 10 39 0 0 0 0 0 0 0 
6 0 0 0 0 0 0 0 0 0 
0 0 0 0 0 0 0 11 0 0 
0 0 0 0 0 37 0 0 0 0 
0 0 0 8 22 0 16 0 0 0 
0 0 0 21 0 0 0 0 0 0 
0 0 0 0 33 0 5 0 0 3 
0 0 0 0 28 0 0 0 0 0 
0 9 0 0 0 0 0 0 0 0 
0 0 0 0 0 0 0 43 0 0 
20 20 0 0 0 0 0 0 0 0 
0 0 0 0 10 17 0 20 0 0 
0 0 0 22 0 0 0 22 0 0 
0 0 2 0 0 0 0 0 0 0 
0 24 0 0 0 0 0 0 0 9 
0 12 0 0 7 0 0 0 0 0 
13 0 0 0 0 0 0 0 0 0 
0 0 0 0 0 0 0 5 0 8 
0 0 0 0 10 8 0 0 0 8 
0 0 0 0 0 0 0 0 6 0 
0 0 0 0 0 17 0 0 0 0 
0 0 0 0 0 0 2 30 0 1 
0 0 0 9 0 18 0 0 23 0 
0 2 0 19 0 0 0 0 0 0 
0 0 0 17 0 0 0 5 0 0 
0 0 29 0 0 0 0 0 0 0 
0 0 0 0 0 0 0 0 0 4 
0 0 0 44 0 0 2 0 0 0 
2 0 0 0 0 0 13 0 0 0 
0 0 2 0 0 4 0 0 0 0 
0 0 0 2 8 18 0 0 0 0 
0 0 0 0 0 0 29 0 10 0 
0 0 6 0 0 0 0 0 0 0 
4 0 11 0 0 8 0 0 0 0 
2 0 0 0 0 0 0 0 0 0 
0 0 0 5 0 0 0 0 0 0 
0 0 0 0 0 6 0 0 0 0 
25 0 9 0 0 0 0 0 0 0 
0 5 0 0 21 0 0 0 0 0 
0 0 0 23 0 2 0 7 0 9 
0 0 0 0 0 0 0 0 15 0 
0 0 30 0 3 0 0 0 0 0 
0 0 16 0 0 0 0 0 0 0 
0 0 0 0 0 0 0 3 0 0 
0 24 0 0 0 0 0 0 16 0 
0 5 0 0 0 31 10 0 0 0 
0 0 0 0 0 0 0 0 0 1 
0 0 0 0 0 0 0 0 3 0 
0 0 0 0 0 0 24 9 0 0 
22 0 0 0 0 0 0 0 4 0 
0 14 0 8 0 0 0 0 0 0 
0 4 0 1 0 0 0 0 0 0 
0 0 9 0 0 0 0 0 0 0 
0 0 0 0 0 0 0 0 18 0 
0 0 5 0 0 0 0 0 0 0 
0 0 0 0 0 0 4 0 0 0 
0 0 0 0 0 0 0 0 0 15 
0 12 7 0 0 0 0 0 0 0 
0 0 0 10 0 0 0 22 0 0 
0 0 0 0 0 18 0 0 0 0 
0 0 0 0 0 0 19 5 0 4 
0 0 0 21 0 0 0 0 0 0 
0 0 1 0 6 0 0 0 0 14 
0 0 5 0 0 0 0 0 0 0 
0 0 1 0 6 4 0 0 0 0 
0 0 0 0 0 0 16 0 17 1 
0 27 0 2 0 0 13 4 0 0 
0 0 0 0 16 0 0 0 0 12 
0 0 0 0 0 0 0 0 0 17 
0 0 0 0 0 0 0 0 29 0 
0 0 0 0 0 0 0 0 0 0 
0 0 0 23 0 0 0 0 0 0 
0 13 3 5 0 0 0 0 0 0 
0 0 20 0 0 0 0 0 0 0 
0 0 0 0 0 0 0 0 1 0 
0 0 0 0 0 0 3 0 0 0 
0 0 8 0 0 0 11 0 21 0 
0 0 0 0 0 21 0 0 14 0 
0 0 3 0 0 0 4 0 0 0 
0 0 0 0 9 0 0 0 0 0 
5 0 0 0 0 0 0 0 0 45 
0 0 0 0 0 0 0 0 36 0 
0 0 14 0 0 0 0 0 0 0 
0 0 2 10 0 0 0 0 0 0 
0 0 0 0 0 0 0 29 0 0 
