0 3764896
31 0 0 193 0 
0 0 0 0 0 
184 175 0 0 0 
127 0 100 0 0 
402 0 0 0 0 
0 0 0 0 0 
0 0 0 0 0 
0 0 0 51 0 
0 0 0 0 0 
0 0 0 346 0 
37 0 0 0 0 
0 0 407 0 0 
0 236 0 0 0 
0 0 46 0 0 
250 0 0 0 0 
0 0 0 0 687 
466 0 55 0 152 
0 0 574 106 0 
0 0 0 465 3 
0 440 0 0 0 
214 0 0 0 0 
0 0 0 219 279 
0 0 0 0 0 
0 753 0 0 0 
0 0 410 0 6 
156 0 0 0 8 
0 0 0 164 0 
0 0 0 0 0 
0 0 0 0 0 
0 0 0 47 0 
0 0 0 226 0 
0 0 0 0 0 
0 0 0 15 0 
0 0 394 0 0 
0 530 0 119 0 
0 0 0 852 0 
0 0 0 0 0 
0 0 0 0 0 
0 0 0 0 91 
0 0 0 0 918 
0 0 0 0 0 
0 0 0 0 0 
0 0 113 0 801 
75 0 0 0 0 
0 0 0 348 0 
0 0 0 0 0 
0 0 0 515 0 
0 0 0 0 0 
463 0 37 0 0 
0 0 532 0 0 
0 0 0 326 0 
52 0 0 0 0 
0 0 0 117 0 
47 0 0 0 0 
0 68 0 0 0 
0 0 286 36 0 
0 0 0 0 632 
0 0 0 0 446 
215 0 0 0 0 
64 0 0 0 0 
0 0 0 0 0 
0 0 0 28 0 
0 0 0 799 0 
0 0 309 0 0 
0 0 0 0 0 
0 2 0 0 0 
0 543 177 0 0 
0 0 0 0 0 
0 0 0 7 0 
0 0 0 414 0 
0 0 162 0 604 
0 17 0 0 0 
0 0 0 0 0 
0 0 0 0 433 
0 0 0 0 0 
0 0 0 0 0 
0 0 0 0 0 
375 208 0 0 0 
0 3 0 0 133 
423 0 0 0 19 
140 0 0 0 0 
0 0 0 0 0 
0 0 674 0 0 
581 0 0 0 355 
0 0 0 0 0 
0 0 610 0 0 
0 0 0 0 0 
0 0 0 0 0 
0 0 0 0 0 
326 0 0 0 0 
0 652 0 130 0 
587 0 0 98 0 
0 264 0 0 0 
0 70 0 27 0 
0 0 186 0 0 
0 0 0 0 0 
0 0 0 0 0 
0 0 0 0 96 
0 0 0 0 0 
0 0 1 0 0 
