30 28028
2 0 0 0 43 5 0 0 0 0 
12 0 0 0 0 0 0 21 0 3 
0 0 0 0 0 0 20 0 14 0 
0 0 0 0 0 0 0 0 1 0 
18 0 0 0 0 10 0 0 0 0 
10 0 0 0 0 0 0 5 0 0 
0 0 0 7 0 0 30 0 0 10 
11 0 3 0 0 0 0 0 0 0 
0 0 0 1 0 0 0 0 0 0 
0 0 0 0 0 0 0 0 16 0 
0 0 48 0 0 0 0 0 0 0 
0 0 0 0 0 4 0 0 21 0 
0 0 0 0 0 0 5 0 0 0 
0 0 0 0 0 0 0 29 0 0 
0 0 27 0 13 0 0 0 0 0 
6 4 39 0 0 0 0 0 0 0 
0 0 0 1 0 0 0 4 0 0 
0 0 0 0 0 0 0 11 0 0 
0 0 22 11 0 1 0 3 0 0 
0 0 12 3 0 0 0 0 31 0 
0 0 0 21 0 0 0 0 0 0 
0 0 0 0 28 3 10 0 0 0 
0 0 0 0 28 0 0 0 0 0 
0 0 0 9 0 0 0 0 0 0 
0 9 0 0 6 6 8 0 14 0 
0 40 0 0 0 0 0 0 0 0 
0 0 0 0 0 17 0 30 0 0 
0 0 0 22 0 0 0 22 0 0 
0 0 0 0 2 0 0 0 0 0 
0 8 0 0 0 0 0 0 1 22 
0 17 0 0 2 0 0 0 0 0 
13 0 0 0 0 0 0 0 0 0 
0 0 0 0 16 0 0 5 0 0 
0 14 0 0 0 8 0 0 0 4 
0 0 0 0 0 0 0 0 6 0 
0 0 0 0 0 17 0 0 0 0 
0 0 0 0 0 0 0 0 0 33 
0 0 0 0 0 43 0 0 7 0 
0 12 0 9 0 0 0 0 0 0 
0 0 0 22 0 0 0 0 0 0 
0 0 0 8 0 18 0 3 0 0 
0 0 0 0 0 0 0 0 0 4 
0 0 0 44 0 0 2 0 0 0 
2 0 0 0 0 0 13 0 0 0 
0 0 0 0 0 6 0 0 0 0 
0 0 0 0 8 18 0 0 0 0 
0 0 0 0 0 0 0 0 39 0 
0 0 6 0 0 0 0 0 0 0 
0 0 0 0 0 0 0 23 0 0 
2 0 0 0 0 0 0 0 0 0 
0 0 0 0 0 0 0 5 0 0 
6 0 0 0 0 0 0 0 0 0 
25 0 9 0 0 0 0 0 0 0 
0 0 0 0 26 0 0 0 0 0 
0 0 0 0 0 11 0 30 0 0 
0 0 0 0 0 0 0 0 15 0 
0 0 9 24 0 0 0 0 0 0 
0 0 1 0 6 0 0 0 9 0 
0 0 0 0 0 0 0 3 0 0 
0 40 0 0 0 0 0 0 0 0 
0 0 0 0 0 7 39 0 0 0 
0 0 0 0 0 0 0 1 0 0 
0 0 0 0 0 0 0 0 3 0 
0 3 0 0 0 0 26 0 4 0 
0 3 0 23 0 0 0 0 0 0 
0 0 0 10 0 0 0 0 0 0 
0 4 0 0 0 0 1 0 0 0 
9 0 0 0 0 0 0 0 0 0 
0 0 0 0 0 18 0 0 0 0 
5 0 0 0 0 0 0 0 0 0 
0 0 0 0 0 0 0 0 0 4 
0 0 0 0 0 0 0 0 0 15 
0 12 12 0 0 0 0 0 0 0 
0 0 0 1 5 0 0 17 9 0 
0 0 0 0 0 0 0 18 0 0 
0 0 0 0 0 0 19 0 0 9 
0 0 21 0 0 0 0 0 0 0 
0 0 15 6 0 0 0 0 0 0 
0 0 5 0 0 0 0 0 0 0 
0 0 0 0 11 0 0 0 0 0 
0 0 0 0 0 1 0 0 17 16 
0 27 0 13 0 0 0 6 0 0 
0 0 0 0 0 0 8 0 0 20 
0 0 0 0 0 0 0 0 0 17 
0 0 0 0 0 0 0 0 29 0 
0 0 0 0 0 0 0 0 0 14 
6 0 0 17 0 0 0 0 0 0 
0 13 0 8 0 0 0 0 0 0 
0 0 20 0 0 0 0 0 0 0 
0 0 0 0 1 0 0 0 0 0 
0 0 0 0 3 0 0 0 0 0 
0 0 8 0 0 0 19 0 0 15 
0 0 0 0 0 26 9 0 0 0 
0 0 3 0 0 0 4 0 0 0 
0 0 0 0 9 0 0 0 0 0 
24 0 0 0 0 0 0 0 0 26 
0 0 0 0 13 0 0 16 7 0 
0 0 14 0 0 0 0 0 0 0 
0 0 0 12 0 0 0 0 0 0 
4 0 15 0 0 0 0 10 0 0 
