0 3988084
62 0 162 0 0 
0 0 0 0 0 
184 175 0 0 0 
227 0 0 0 0 
402 0 0 0 0 
0 0 0 0 0 
0 0 0 0 0 
0 0 0 0 0 
0 0 0 0 0 
0 0 0 346 0 
37 0 0 0 0 
0 0 407 0 0 
0 236 0 0 0 
0 0 46 0 0 
250 0 0 0 0 
0 0 0 0 687 
0 0 232 0 441 
0 0 523 157 0 
0 0 0 468 0 
0 440 0 0 0 
97 0 0 0 0 
0 0 0 219 279 
0 0 0 0 0 
0 753 0 0 0 
0 0 416 0 0 
156 0 0 0 8 
0 0 0 164 0 
0 0 0 0 0 
0 0 0 0 0 
0 0 0 47 0 
226 0 0 0 0 
0 0 0 0 0 
0 0 0 15 0 
0 0 394 0 0 
0 530 0 119 0 
0 0 0 566 0 
0 0 0 0 0 
0 0 0 0 0 
0 0 0 0 91 
0 0 0 0 495 
0 0 0 0 0 
0 0 0 0 0 
0 0 0 0 801 
0 0 0 0 75 
0 0 0 348 0 
0 0 0 0 0 
0 0 0 515 0 
0 0 0 0 0 
463 0 37 0 0 
0 0 532 0 0 
0 0 0 326 0 
52 0 0 0 0 
0 0 0 230 0 
0 0 34 0 0 
0 68 0 0 0 
0 0 0 322 0 
466 0 0 0 343 
0 0 0 0 446 
215 0 0 0 0 
64 0 0 0 0 
0 0 0 263 0 
0 0 0 28 0 
0 0 113 686 0 
0 0 309 0 0 
0 0 0 0 0 
0 2 253 0 0 
0 543 0 0 0 
0 0 0 0 0 
0 0 0 4 0 
0 0 0 414 0 
0 0 0 0 604 
0 17 0 0 0 
0 0 0 0 0 
0 0 0 0 380 
0 0 0 0 0 
0 0 0 0 0 
0 0 0 0 0 
375 208 51 0 0 
0 3 0 0 133 
0 0 0 0 442 
0 140 0 0 0 
0 0 0 0 0 
0 0 674 0 0 
603 0 0 0 333 
0 0 0 0 0 
0 0 643 0 0 
0 0 0 0 0 
0 0 0 0 0 
0 0 0 0 0 
749 0 0 0 0 
0 512 0 286 0 
587 0 0 98 0 
0 264 0 0 0 
0 70 66 27 0 
0 0 180 0 6 
0 0 0 0 0 
0 0 0 0 0 
0 0 0 0 96 
0 0 0 0 3 
0 0 1 0 0 
