10 10 10
14 1 1 9 7 1 17 15 10 16
14 10 3 9 14 4 12 19 12 18
7 1 6 13 12 3 8 19 6 12
10 1 9 9 6 15 16 7 5 19
19 0 2 20 0 9 11 8 17 5
6 10 15 9 4 20 12 7 18 11
0 20 6 10 2 1 1 4 8 9
2 14 16 7 10 5 17 16 7 16
16 17 15 14 1 18 1 19 3 14
1 11 13 10 17 14 18 19 20 12
1 5 6 2 15 11 15 0 8 14
17 6 7 18 9 2 8 19 8 12
15 1 20 13 19 18 12 14 5 6
12 16 6 10 13 1 9 12 5 16
10 10 11 20 11 19 0 11 12 17
8 5 8 19 17 16 13 8 14 3
13 3 11 18 15 0 11 3 11 13
11 18 11 3 4 17 7 19 16 19
20 4 19 16 18 15 17 19 7 16
5 13 17 17 6 4 2 5 8 2
15 7 6 9 17 7 0 7 17 7
6 0 19 19 8 3 19 10 8 15
3 15 7 17 8 17 15 12 0 1
19 0 6 13 4 6 10 16 17 9
20 18 12 9 8 8 18 2 19 18
1 11 3 20 16 9 4 8 20 18
5 7 12 7 4 12 0 8 8 9
15 6 12 8 1 6 11 20 8 0
5 15 16 0 15 3 11 19 15 19
4 8 19 16 8 2 20 5 1 1
13 10 18 20 16 19 7 20 8 6
13 14 3 11 12 18 15 8 12 4
16 15 17 1 19 7 9 6 5 8
19 11 8 11 6 16 11 20 1 1
14 15 12 7 8 5 15 18 14 16
18 16 17 1 10 14 11 7 9 5
11 14 11 8 7 15 10 2 4 4
5 4 5 18 17 17 15 1 8 3
1 11 16 9 20 17 1 1 9 15
20 20 9 0 6 8 5 3 7 9
19 16 13 1 0 1 18 8 1 11
11 7 5 9 19 20 18 5 18 18
7 8 13 19 6 17 8 9 10 8
15 4 11 4 0 4 17 13 10 10
8 0 13 16 6 14 3 10 8 12
6 16 2 3 8 1 19 14 20 1
11 9 4 3 19 18 14 8 10 7
18 13 1 8 2 0 5 20 11 19
12 12 20 14 0 19 0 10 7 10
12 4 12 10 14 16 6 6 18 11
0 6 3 9 4 5 1 2 8 6
10 11 15 2 4 10 12 8 19 6
9 15 7 2 19 0 14 3 19 20
0 16 9 7 0 9 14 4 17 16
13 12 12 18 8 12 18 0 17 6
8 17 9 7 12 14 10 20 17 3
14 17 10 6 19 13 0 19 3 8
1 12 19 8 14 20 19 7 1 6
18 8 9 8 14 5 15 0 18 9
14 10 10 6 14 15 16 8 2 1
4 2 9 11 4 1 6 20 0 5
15 4 18 7 9 3 6 17 12 20
10 12 4 20 1 4 10 9 0 14
6 19 18 1 7 10 14 13 18 10
9 13 14 0 11 9 10 11 1 8
8 9 1 17 0 6 16 3 5 6
3 11 5 18 15 6 11 11 19 8
20 12 9 6 16 0 10 9 15 20
15 19 19 2 8 7 16 9 17 3
8 16 1 13 9 3 10 18 10 20
4 11 16 13 6 0 7 8 15 10
17 0 16 13 2 3 19 19 3 1
14 12 0 8 14 13 8 0 8 6
6 6 0 12 0 10 14 15 16 17
17 6 18 13 6 20 6 19 18 7
20 18 19 9 18 8 9 2 11 3
6 10 8 3 2 9 8 10 10 4
5 4 9 6 1 3 16 9 3 11
1 19 12 5 10 1 8 12 16 18
14 5 14 1 11 6 0 3 18 9
18 11 10 0 3 15 20 10 13 1
7 12 5 11 16 0 8 7 19 11
11 5 14 0 2 4 20 5 1 12
14 19 15 2 20 3 15 5 19 19
3 5 2 16 8 19 18 4 0 8
7 0 2 7 14 1 8 16 19 18
12 15 16 17 11 14 9 5 18 10
9 18 6 5 1 1 10 10 14 1
15 14 19 5 12 17 1 18 14 15
9 18 5 16 12 19 6 2 10 0
20 14 7 11 10 9 2 20 14 4
4 9 17 19 8 18 5 11 3 5
7 15 4 13 16 12 18 10 0 18
16 12 14 0 12 10 16 8 20 7
12 9 11 10 13 4 11 1 6 12
2 1 2 16 20 8 3 13 1 10
20 17 18 2 14 9 11 5 10 4
19 10 6 14 2 2 4 1 11 16
19 18 8 20 2 2 8 13 8 9
0 18 2 1 17 14 7 1 14 3
12 1 5 6 17 0 2 1 11 14
5 14 16 6 13 0 12 0 19 1
20 19 18 13 8 19 18 11 16 0
5 17 2 12 10 20 5 3 16 7
18 19 18 9 12 5 17 2 18 7
0 15 1 17 5 18 18 1 6 3
20 13 5 2 16 6 3 19 18 3
13 4 15 0 16 7 1 10 2 3
7 2 18 10 8 11 5 19 12 17
13 10 2 18 19 13 5 20 4 12
6 0 17 0 0 19 2 9 5 15
15 20 2 13 11 14 16 20 3 8
7 13 20 6 10 1 9 15 5 9
8 17 4 4 8 12 3 1 3 11
9 8 16 4 7 7 5 18 12 15
16 14 0 8 3 4 13 2 11 16
5 4 2 6 9 13 0 14 3 8
12 1 20 9 9 20 6 18 2 1
18 16 10 15 18 18 2 8 5 3
20 6 17 3 2 3 17 12 9 10