5 10 10
86 72 49 4 99 51 13 50 100 74
48 46 33 64 92 3 81 20 3 68
79 72 3 69 65 77 100 52 98 66
76 38 68 32 30 90 36 79 47 58
28 56 55 16 75 6 32 21 42 82
100 4 60 21 75 98 54 91 39 0
43 16 92 86 18 45 48 28 48 84
24 35 90 12 94 22 82 96 42 42
37 76 98 25 22 98 99 97 5 24
26 96 4 93 12 65 5 67 64 26
11 77 16 64 50 100 57 49 75 87
63 73 56 12 87 85 1 33 100 0
100 78 49 33 91 12 24 49 68 74
81 92 71 43 42 63 71 76 82 37
15 88 41 2 52 72 52 96 38 22
1 17 71 10 14
65 14 30 6 47
32 66 67 33 82
93 3 58 52 9
41 53 27 91 35
71 50 48 92 4
34 39 44 73 89
53 66 81 78 8
20 93 43 55 32
10 20 12 39 31
60 81 59 36 71
88 14 19 58 57
17 67 64 72 100
68 79 44 82 83
58 7 23 99 72
86 59 18 93 69
72 69 13 96 95
9 65 95 78 4
49 48 48 63 94
75 66 10 19 23
47 24 36 18 55
89 87 3 85 71
53 35 37 77 56
42 83 66 61 95
96 32 82 77 79
86 55 38 90 11
17 5 4 69 63
67 66 97 50 62
57 47 67 32 55
78 88 84 96 31
75 15 1 37 68
96 14 54 42 34
60 87 80 70 17
48 86 74 43 9
87 25 6 16 94
42 72 26 14 43
47 29 19 16 20
79 5 79 65 79
46 42 82 65 42
99 19 6 16 8
69 82 53 50 64
68 84 78 39 53
38 19 91 70 64
89 55 77 74 96
38 0 79 20 9
22 50 7 92 40
91 64 70 85 36
45 21 78 50 0
10 67 84 61 84
78 71 100 98 22
5 14 8 35 93
73 28 11 2 30
42 44 88 83 95
58 92 76 86 45
45 90 65 71 83
25 75 69 78 72
24 57 75 32 80
58 97 5 89 79
89 40 2 85 69
4 63 95 69 77
53 16 35 73 20
29 39 83 60 43
52 19 8 88 61
83 90 25 41 96
33 4 16 63 87
17 16 13 53 75
23 99 18 14 25
33 94 89 38 62
94 10 87 96 0
48 92 8 81 53
76 37 6 9 67
52 6 10 77 94
53 45 51 55 75
56 95 13 13 93
60 1 9 8 77
1 89 58 37 71
59 78 79 34 29
0 80 66 88 35
54 12 56 35 94
61 31 36 92 43
76 46 18 13 97
86 65 25 29 97
25 64 54 44 60
33 7 82 51 10
39 88 85 28 1
36 92 78 78 37
64 84 36 87 24
7 31 97 30 15
60 11 11 70 55
71 79 97 43 47
48 56 58 11 28
18 82 65 70 58
25 1 69 48 33
37 68 34 50 72
30 23 39 2 26
79 44 42 48 66
37 57 16 61 58
61 39 6 23 13
8 94 98 21 66
47 66 64 29 21