5 10 8
2 6 14 17 7 1 16 18 14 15
12 5 16 2 20 0 18 0 17 18
17 16 6 16 14 6 12 14 5 4
12 0 0 19 16 3 7 5 3 18
10 14 18 20 12 8 12 20 8 2
8 16 13 3 0 16 3 1 10 18
8 2 0 20 1 2 8 5 5 19
14 20 1 2 20 16 3 12 4 0
13 12 13 1 1 11 2 6 16 2
8 19 19 16 12 11 20 2 3 17
10 8 19 0 5 6 2 2 16 2
5 10 20 5 11 11 14 12 15 7
13 18 6 17 17 2 1 11 1 4
2 13 20 19 19
0 12 9 20 14
11 17 4 3 8
19 9 12 3 0
5 1 0 1 7
17 18 8 2 13
7 11 14 13 8
8 3 4 8 14
17 1 3 8 16
7 17 6 4 5
17 7 4 10 12
16 4 18 8 20
3 1 7 2 7
14 13 7 10 13
12 12 0 5 7
0 13 20 1 0
13 16 11 10 20
10 12 6 12 12
8 8 15 10 9
6 6 15 11 5
0 10 8 19 0
3 10 12 19 6
12 11 9 12 0
18 8 6 2 19
5 20 5 0 12
2 4 17 5 15
2 0 8 2 11
15 8 15 7 20
4 3 14 16 11
15 20 11 16 14
4 6 14 5 10
0 8 0 2 6
12 2 11 7 13
18 7 5 7 11
14 19 3 4 3
12 2 18 16 2
1 11 17 7 12
9 8 9 20 19
12 4 11 2 4
3 10 11 3 18
20 4 2 4 5
18 19 5 8 18
6 2 6 14 12
20 19 20 11 17
14 6 8 2 20
1 6 20 5 6
20 5 18 2 7
11 12 14 5 4
7 3 17 3 12
19 17 11 7 0
10 0 0 13 10
15 12 5 13 7
7 10 0 18 18
12 2 17 4 0
19 19 0 16 15
17 16 20 12 20
8 16 16 8 16
2 7 17 6 19
19 2 14 3 0
14 15 12 12 15
13 8 9 9 10
15 14 20 8 18
1 5 3 10 2
16 17 2 8 5
20 13 5 18 13
12 0 6 3 16
20 10 2 1 16
0 20 16 5 18
3 10 19 4 4
14 14 9 13 8
14 1 19 5 7
13 7 13 15 9
1 6 2 16 17
14 5 17 13 6
0 5 13 7 11
13 11 0 19 18
8 16 10 20 1
20 1 19 20 10
15 8 20 18 11
19 1 14 3 11