10 10 10
50 36 47 1 28 15 47 14 1 16
48 25 5 29 40 49 25 11 37 46
21 41 28 9 43 40 47 44 2 33
19 13 38 26 6 17 33 50 21 22
29 4 46 15 6 42 39 6 23 2
5 6 34 26 41 15 33 16 3 40
46 1 3 33 26 22 5 9 18 5
4 15 40 32 18 28 21 21 5 11
34 46 28 17 29 45 23 21 20 1
3 42 35 7 9 50 36 14 12 29
9 31 25 2 22 40 6 35 4 11
17 27 12 17 42 44 4 13 12 48
50 8 21 3 42 39 30 49 50 27
47 20 44 10 23 10 49 36 38 25
48 33 44 31 28 8 13 6 2 37
31 7 26 8 33 35 17 43 45 4
48 29 44 43 8 19 31 5 0 16
8 28 5 46 50 5 50 33 31 36
17 21 17 14 49 15 46 23 23 48
20 37 20 25 9 49 43 14 3 22
3 18 24 49 20 36 40 50 27 50
7 19 38 15 42 18 45 30 31 35
42 28 44 48 48 14 6 36 18 44
39 21 49 33 34 23 27 46 19 20
1 6 13 13 7 5 27 22 18 40
10 42 11 30 8 33 28 4 37 32
19 36 30 36 28 32 28 43 42 18
2 18 38 49 11 31 19 18 18 30
11 47 10 5 5 12 24 47 34 47
16 14 41 41 9 16 23 41 0 39
49 42 2 42 14 42 10 3 11 5
41 29 21 14 43 8 45 13 2 48
35 43 13 48 30 6 2 17 40 40
42 49 50 33 35 0 32 1 10 48
49 42 0 35 35 36 29 38 41 39
9 4 0 19 4 39 40 31 46 30
15 21 50 40 41 41 34 24 40 44
21 31 46 7 28 37 50 1 21 33
43 41 46 45 40 12 22 28 25 42
27 23 43 7 13 45 1 32 48 36
34 14 5 10 12 24 44 50 35 28
35 27 25 43 11 11 12 48 50 27
32 12 27 37 9 36 26 41 25 32
3 9 35 0 2 8 29 44 7 35
32 39 38 19 46 27 27 13 40 28
5 3 0 28 19 27 9 13 38 14
46 26 10 28 1 0 33 0 4 28
15 37 31 6 5 25 28 2 10 9
18 26 9 47 7 21 7 49 29 11
29 5 48 14 50 23 46 30 50 16
49 2 36 27 5 43 39 43 20 13
4 47 38 50 23 33 19 45 14 46
26 35 43 11 39 41 9 2 48 11
37 24 16 44 12 0 47 24 50 12
28 19 40 17 49 40 27 31 5 38
47 25 11 42 20 11 30 14 41 46
26 47 6 40 24 44 12 6 19 5
42 40 48 5 30 0 16 46 0 13
7 10 29 16 48 30 19 40 45 43
18 35 43 7 41 18 21 15 39 18
44 35 3 16 28 35 32 22 45 17
9 14 28 9 19 32 35 33 11 24
22 21 42 2 26 28 3 28 23 39
5 46 11 6 48 22 17 15 49 44
50 31 3 38 10 6 17 9 31 0
42 27 34 10 3 30 10 15 32 33
14 46 17 44 18 8 6 24 1 46
7 25 15 24 45 18 23 43 46 46
10 41 32 30 27 13 39 19 47 41
0 47 31 9 9 4 45 6 26 24
14 17 22 12 36 18 31 5 14 46
3 46 48 20 50 4 22 25 32 47
15 27 29 48 41 21 15 44 43 12
29 15 20 23 5 42 21 43 10 8
25 28 22 6 30 16 34 7 41 8
20 44 10 36 35 39 30 18 22 46
32 24 5 37 17 46 40 44 20 23
20 24 16 27 4 32 6 12 8 39
18 15 20 24 36 36 21 6 32 34
38 3 38 12 49 20 29 39 21 21
48 5 31 48 34 12 11 48 41 40
2 47 41 39 17 40 12 0 39 5
44 22 29 25 48 32 14 17 4 17
28 49 23 32 22 43 21 9 48 25
6 22 30 5 46 25 36 24 23 5
44 4 16 1 20 31 28 19 34 46
42 2 25 26 37 40 21 48 28 35
0 24 9 39 9 17 48 43 38 2
37 25 37 21 8 6 29 30 5 18
2 28 13 41 21 43 18 50 8 20
43 24 18 47 15 39 10 10 6 9
41 10 21 23 15 31 19 11 9 4
47 8 36 14 41 48 34 21 31 22
9 35 27 2 8 46 35 2 23 26
18 42 47 10 17 10 29 4 24 37
40 27 29 31 45 40 1 5 36 20
34 17 2 16 6 37 35 33 36 8
26 30 39 41 10 31 24 42 42 19
28 17 27 50 42 47 33 37 29 38
36 28 19 43 4 0 49 15 18 44
3 11 20 23 24 21 14 31 4 12
9 2 26 7 26 19 12 12 38 46
22 43 34 11 10 29 6 26 49 2
2 33 17 28 34 24 25 28 45 0
10 8 28 40 6 36 43 50 5 16
42 24 45 21 40 45 36 35 45 31
2 31 10 4 8 23 39 5 43 7
40 12 26 17 44 37 21 40 20 13
30 35 28 29 37 19 15 39 36 17
31 23 30 11 2 28 5 14 8 45
24 26 44 47 15 16 13 35 11 45
22 37 25 34 41 46 27 32 11 49
50 21 30 48 14 0 1 34 4 47
46 17 3 40 32 9 12 8 40 14
40 19 40 29 3 21 43 43 27 25
12 42 18 26 47 50 46 27 47 17
13 3 14 29 6 27 28 9 6 22
17 10 2 24 47 18 29 7 14 38
3 19 22 12 10 22 5 43 18 50
20 16 30 40 34 2 34 3 49 41