5 10 10
5 5 8 7 5 2 17 4 0 11
11 15 4 6 20 7 5 14 6 4
7 17 13 12 12 16 16 9 2 10
18 2 9 5 11 5 5 2 2 2
7 18 5 13 5 9 5 17 12 9
20 15 19 7 20 9 15 18 1 13
6 2 2 15 11 7 9 0 15 17
15 4 5 3 14 11 6 13 16 12
18 5 5 13 5 9 20 9 6 2
10 6 1 18 1 2 15 6 15 14
19 19 12 15 5 7 2 19 7 2
17 10 17 19 6 8 9 2 4 6
18 9 16 10 2 11 19 17 9 13
13 5 5 20 0 6 5 7 14 4
15 19 14 15 3 6 6 6 0 6
6 16 19 9 11
18 11 2 6 2
3 16 15 7 2
10 3 0 5 14
10 7 20 16 5
18 5 13 11 5
3 4 1 10 19
9 9 1 15 2
16 20 10 17 10
9 17 13 7 3
14 15 20 11 2
8 10 12 1 9
13 5 5 14 17
3 19 11 16 6
7 3 1 13 1
8 15 3 10 13
11 6 11 7 15
0 18 1 6 3
15 5 17 8 6
4 17 3 6 8
8 9 16 17 18
18 9 16 3 10
13 3 19 14 13
12 3 0 18 20
13 6 20 14 11
12 2 18 14 11
20 10 16 16 2
0 13 12 16 16
4 19 10 5 18
19 18 4 6 0
18 19 5 19 1
17 9 16 12 7
17 8 17 7 4
19 8 9 15 3
5 9 2 10 19
19 14 7 4 1
10 13 2 10 15
18 5 11 19 4
6 7 9 10 15
7 19 10 6 19
18 13 1 3 19
11 10 16 12 1
8 15 1 19 14
9 7 19 0 18
11 13 18 2 13
6 9 6 3 0
5 10 9 0 18
5 12 9 3 11
3 9 12 9 2
6 7 14 13 5
7 13 19 5 6
16 7 9 6 0
5 14 1 10 11
4 7 5 14 3
12 15 7 19 13
0 7 7 9 1
8 8 10 4 19
11 11 5 9 14
20 6 2 17 4
3 7 5 18 17
3 2 14 9 0
4 7 11 2 7
12 5 19 4 1
1 11 14 11 18
8 18 19 19 12
6 15 6 16 15
0 8 7 10 11
4 15 13 7 14
15 1 15 1 15
16 0 11 8 12
15 18 15 5 2
3 1 20 7 20
4 13 13 4 8
2 13 15 15 11
18 13 11 13 17
2 13 4 19 6
20 6 10 10 14
19 17 18 3 13
13 14 9 11 2
7 8 0 15 18
19 9 5 5 4
5 1 9 12 8
17 9 9 20 7
16 3 9 3 19
10 9 18 13 3
9 17 17 11 18
20 13 7 16 7
18 10 17 4 5
2 4 7 0 20
15 10 15 2 18
8 4 20 6 6
12 2 5 10 15
13 16 10 8 19
16 16 14 14 0
17 7 11 12 8
0 15 16 13 20
3 1 5 17 9
12 16 10 10 8
3 5 16 6 19
10 8 9 5 19