5 6 10
14 0 14 8 11 13
0 2 9 1 2 5
2 14 15 19 2 20
14 14 19 3 18 0
5 6 9 5 9 19
15 18 16 3 11 1
11 16 9 10 12 4
15 11 19 17 3 0
9 8 4 7 15 17
8 15 13 10 13 10
14 1 20 14 15 11
4 20 0 13 20 1
11 8 10 8 19 16
16 11 16 2 15 1
3 14 12 14 7 18
20 15 16 9 12
5 12 9 4 8
18 4 13 11 19
6 4 3 3 8
8 12 14 20 11
14 4 19 15 15
12 8 13 12 16
10 3 13 11 13
3 4 18 5 3
16 15 4 16 11
3 11 12 19 7
7 7 14 2 4
15 3 8 18 1
1 6 20 10 6
7 19 16 10 9
16 17 7 3 0
18 7 10 9 1
1 0 15 6 2
7 4 19 11 14
16 6 18 17 18
11 13 16 18 11
10 5 13 9 6
18 5 17 15 18
12 8 16 5 3
1 15 7 5 3
10 11 19 19 12
9 10 5 12 15
9 8 7 1 7
0 1 3 0 1
12 16 8 11 18
11 15 11 17 7
11 3 16 9 15
16 4 12 17 10
10 15 19 1 18
7 8 4 9 8
18 12 19 5 1
2 10 9 15 18
20 8 20 4 20
19 7 5 19 0
18 14 9 11 9
18 11 9 1 6
10 7 17 18 3
0 4 10 0 7
16 14 18 14 7
10 20 5 8 1
8 9 17 12 18
15 4 2 0 11
6 19 6 2 12
12 9 19 12 2
12 14 6 14 0
14 2 5 20 12
19 6 5 2 11
18 3 14 9 10
2 4 7 1 2
8 5 0 2 17
1 9 18 10 12
1 10 8 9 9
8 11 17 9 14
16 3 10 8 17
3 14 15 9 3