5 6 10
6 10 10 6 8 4
2 3 2 10 3 10
4 4 2 9 1 5
1 8 3 7 2 10
5 7 1 8 7 5
7 9 1 5 3 3
10 7 2 2 1 3
7 2 2 5 3 5
2 0 5 2 2 10
0 7 0 8 3 10
5 8 7 9 7 10
7 8 5 2 1 3
6 2 1 3 3 10
2 5 9 6 3 7
2 7 4 9 0 8
2 0 5 1 6
4 1 6 1 5
4 8 3 9 7
4 6 7 6 3
9 1 6 2 6
5 9 0 8 4
7 7 3 7 4
4 10 5 5 2
4 4 8 2 0
5 1 5 1 1
3 1 8 7 8
5 6 1 2 2
7 8 9 5 4
8 8 9 6 7
9 2 8 6 4
2 0 10 7 3
7 0 4 9 7
5 1 4 6 8
7 2 10 5 0
9 5 5 8 4
9 7 6 7 0
0 9 5 10 4
7 1 8 5 3
10 6 2 10 1
8 6 10 7 10
8 2 9 10 3
0 9 8 3 4
3 9 8 7 4
3 1 2 6 10
0 1 1 3 7
0 0 7 8 1
1 2 7 8 2
4 3 4 0 9
9 7 9 3 0
9 6 7 1 8
0 1 2 5 2
9 4 1 2 9
1 2 2 9 0
8 10 4 5 1
1 6 10 9 3
7 3 9 6 1
9 6 7 3 7
1 4 2 7 8
3 10 0 5 9
6 7 0 6 1
3 10 9 2 5
7 5 9 3 2
5 0 5 5 9
0 9 3 0 9
6 10 8 8 5
6 4 1 5 6
4 0 0 9 6
9 4 3 7 4
1 10 0 1 9
6 1 1 3 3
8 6 4 10 6
7 1 2 10 6
3 10 1 2 6
8 3 4 0 10
7 9 6 5 10