5 8 5
0 9 18 0 2 7 19 5
3 4 5 1 16 6 16 8
17 14 8 10 16 17 2 15
17 10 4 5 5 2 5 1
0 17 10 8 8 20 20 13
18 8 4 0 9 1 5 7
15 20 6 0 17 1 17 16
2 19 18 1 13 10 9 3
7 7 17 6 13 18 17 10
3 13 19 6 6 5 7 19
4 8 12 0 14
10 17 6 11 17
14 20 19 10 2
10 8 9 2 0
18 11 5 5 12
19 9 12 1 0
3 0 10 18 17
12 8 5 6 2
17 15 19 12 1
15 16 9 11 16
10 18 6 15 0
13 8 19 15 11
16 20 9 4 9
10 6 20 15 10
18 3 17 19 20
12 13 18 20 5
2 6 6 13 19
4 6 13 1 3
2 11 17 5 1
1 1 9 3 16
16 18 19 6 3
2 15 11 4 13
10 16 20 5 5
11 19 9 10 1
0 4 7 18 20
0 14 9 13 8
10 1 9 5 9
14 2 10 8 19
11 12 15 16 15
1 6 8 5 0
2 10 3 2 8
16 19 9 4 7
4 3 8 1 5
6 15 14 0 7
4 16 20 13 3
11 7 20 2 3
3 10 13 16 11
19 3 20 2 14
6 0 10 9 3
20 20 15 6 9