5 10 10
39 37 46 41 11 2 13 23 42 17
26 22 47 28 28 40 16 22 10 4
15 28 13 40 49 21 47 45 38 16
15 11 2 8 0 49 44 4 26 49
3 9 44 24 43 45 46 18 20 13
39 47 24 8 30 48 27 4 36 50
32 40 31 37 17 16 19 12 10 46
15 48 14 7 2 50 9 48 44 10
50 7 12 2 9 28 16 28 34 46
5 45 34 49 30 37 6 0 24 24
24 41 21 38 14 11 33 6 6 1
24 36 15 7 33 45 48 14 23 16
35 20 31 1 28 33 28 36 27 10
31 50 15 5 10 31 25 28 6 4
47 32 15 24 1 15 50 3 33 19
39 21 21 33 43
19 23 39 40 39
19 0 35 6 24
15 10 28 49 44
24 25 25 46 5
47 45 17 48 12
28 5 9 39 39
13 24 15 6 39
31 17 37 14 34
37 11 29 31 30
37 19 22 42 43
20 22 50 22 19
28 25 31 14 14
20 14 38 35 25
24 14 2 6 20
23 17 45 49 21
22 2 46 41 37
46 5 27 22 43
28 34 36 42 22
3 49 5 18 39
5 0 48 27 9
31 1 4 2 15
6 12 8 42 24
25 19 19 16 12
3 47 22 40 16
8 2 9 4 16
40 49 34 2 16
21 15 47 5 49
35 5 34 10 27
32 0 11 4 17
7 40 30 43 25
10 21 33 17 12
20 21 48 34 38
13 41 8 32 17
17 19 26 41 41
22 44 14 32 39
30 6 31 37 8
39 8 11 23 0
41 49 17 43 29
37 5 43 44 21
25 41 42 34 37
28 9 2 18 43
38 17 34 25 8
35 11 48 19 27
31 6 6 8 0
28 34 14 25 24
37 43 40 35 10
7 35 33 39 29
46 7 36 43 12
33 42 18 0 45
42 37 43 28 39
1 1 29 6 30
39 25 33 17 44
29 4 3 49 30
32 37 1 38 23
9 42 20 0 18
40 38 37 3 25
28 8 6 14 36
17 15 47 9 1
5 8 47 9 31
40 6 31 26 16
37 38 30 35 8
37 18 3 36 13
12 16 40 30 22
30 49 14 33 15
36 45 7 33 1
0 35 44 3 42
31 13 23 34 32
16 47 25 15 49
19 18 29 3 45
14 33 16 24 10
7 16 0 39 34
12 6 22 8 40
28 37 23 29 1
28 37 31 25 7
33 36 8 39 32
43 21 13 11 7
6 39 20 2 6
25 10 25 36 11
24 6 26 17 5
2 29 23 12 26
35 7 33 44 34
38 16 33 34 42
33 12 18 35 42
20 32 23 39 39
44 44 19 50 9
2 8 45 15 23
30 23 6 37 42
9 8 41 28 40
29 3 46 49 11
43 9 46 40 13
17 37 34 22 41
23 42 1 25 27
37 8 26 36 40
21 38 11 47 14
5 20 13 29 25
21 8 16 44 39
29 27 36 4 0
18 15 3 34 26
14 30 0 41 45