10 10 10
8 7 4 9 1 2 6 11 2 20
16 0 17 2 16 12 16 8 11 9
17 9 9 6 13 0 9 5 1 3
4 10 20 14 18 15 10 10 7 1
17 7 9 3 7 20 17 3 9 20
1 12 13 10 3 12 12 0 13 14
0 13 20 15 16 12 15 18 3 18
18 17 9 13 7 16 11 4 4 12
1 4 6 8 10 17 5 8 9 2
9 11 12 3 9 12 13 12 5 10
2 19 2 20 18 8 14 14 20 13
3 16 0 3 8 5 17 13 2 1
2 2 16 19 1 20 5 0 10 18
16 20 4 8 16 1 20 7 2 14
7 6 20 19 2 2 13 19 13 16
15 11 4 7 9 6 19 16 10 0
8 5 14 18 2 14 4 4 1 11
2 10 19 1 1 1 5 8 19 18
1 6 10 2 10 2 13 9 18 7
15 12 15 18 0 20 5 4 18 5
0 0 5 12 15 4 8 3 20 15
5 15 6 19 3 1 0 11 6 0
3 11 1 10 0 14 13 1 14 2
11 4 8 6 15 1 17 16 9 17
4 1 8 6 15 5 0 15 0 11
4 16 16 0 2 16 16 2 15 11
9 6 7 1 20 11 20 19 11 18
18 20 11 10 7 20 11 14 13 16
7 15 12 15 3 7 15 5 9 18
1 12 11 11 1 11 11 14 20 0
13 17 13 3 2 13 15 3 13 6
11 8 18 8 13 3 11 6 4 16
6 13 13 0 14 5 11 12 14 4
5 4 7 2 7 7 18 10 11 19
4 16 5 0 11 15 20 10 18 0
0 6 6 9 9 17 6 3 20 9
19 11 13 1 19 19 5 6 3 12
5 14 5 2 14 6 2 0 7 9
3 14 3 5 5 4 2 19 1 13
3 1 20 19 14 15 10 1 6 4
1 5 14 18 14 5 7 5 5 1
14 3 16 9 20 3 8 7 4 12
8 14 13 15 14 10 19 3 3 19
8 7 9 11 18 5 6 2 17 10
1 6 19 10 11 8 20 13 12 7
6 3 14 17 9 14 10 3 13 9
11 17 13 19 1 0 0 0 2 8
14 17 7 4 8 14 1 15 0 13
4 4 18 4 19 5 7 19 5 5
2 11 7 7 11 7 14 5 3 9
0 6 2 4 20 20 3 0 0 15
17 2 6 17 5 6 9 3 10 11
5 10 14 20 6 15 13 8 4 18
2 3 20 13 5 11 10 3 9 14
17 11 11 5 6 6 6 7 4 7
8 2 11 13 15 19 6 12 6 15
12 4 19 15 18 5 4 13 17 12
15 17 13 9 8 2 7 5 3 0
12 14 9 17 8 12 10 14 6 18
5 2 0 0 13 17 13 1 17 2
8 13 20 0 4 2 6 9 3 11
16 12 4 7 13 19 16 14 13 13
9 9 9 6 16 5 20 1 20 13
13 4 20 6 7 17 7 3 7 18
5 11 8 4 3 7 8 13 17 13
6 0 5 1 13 5 5 15 8 19
11 19 4 10 9 16 20 17 15 9
19 6 6 6 17 17 4 8 4 9
4 9 3 11 10 6 11 19 5 13
1 11 12 9 5 1 6 11 11 19
5 16 13 11 2 20 6 10 5 5
11 1 16 10 1 13 19 18 6 7
6 0 13 17 15 12 8 14 16 17
20 10 2 4 10 18 14 7 6 20
1 9 13 8 6 15 11 7 0 0
12 9 14 9 2 10 17 1 19 4
11 4 6 16 9 11 4 4 17 6
8 7 7 19 18 14 12 19 14 9
5 4 11 8 0 3 6 15 19 0
3 5 5 4 10 15 8 9 5 13
8 0 7 10 15 18 18 9 12 19
20 7 0 1 20 4 5 13 13 7
17 20 20 13 18 5 4 3 20 14
3 1 10 18 12 17 9 16 16 1
18 12 3 12 5 0 4 19 6 3
3 16 1 14 17 17 6 15 19 8
3 7 20 19 1 0 3 10 10 5
12 16 20 2 14 18 13 6 6 19
3 14 6 6 9 12 15 0 7 4
15 6 12 5 20 4 16 0 6 17
2 19 10 4 10 2 2 19 14 15
11 4 11 12 19 17 12 8 16 12
18 2 6 9 14 7 18 2 6 8
16 17 5 9 2 14 10 20 3 7
10 2 19 14 13 10 5 19 12 6
4 0 1 14 14 11 5 7 18 11
9 5 4 15 11 13 5 14 3 13
11 3 6 19 2 6 3 0 7 17
16 8 17 14 19 8 3 4 3 19
8 11 13 8 19 7 14 1 17 1
17 19 9 11 13 4 16 15 18 13
19 16 19 18 6 9 15 20 15 3
6 9 0 19 14 19 3 3 5 13
3 12 4 7 0 12 4 20 18 13
6 14 0 0 11 6 4 0 10 7
8 0 12 2 6 13 12 20 14 8
16 1 15 15 9 8 15 11 0 20
11 8 11 2 14 18 17 8 1 20
16 14 11 14 19 14 7 1 8 9
19 3 7 19 16 6 9 18 8 10
17 20 0 4 20 4 7 12 5 11
19 9 10 0 13 1 0 8 16 18
18 4 0 4 17 2 0 6 14 4
15 1 2 13 4 3 20 7 9 1
4 9 4 14 2 18 2 5 1 15
14 10 7 12 9 10 9 12 4 16
3 20 1 20 20 19 11 18 20 19
6 18 8 16 17 11 0 18 10 19
13 18 20 3 8 4 10 10 4 14
11 0 19 13 18 12 1 5 16 15