5 10 10
11 10 18 15 12 17 11 16 6 4
10 13 12 11 13 20 16 18 7 19
2 11 18 7 16 9 4 16 11 9
8 0 3 15 6 8 3 15 15 18
2 20 2 19 8 9 18 11 13 11
15 7 19 16 13 12 3 15 14 16
2 5 18 8 19 12 14 19 5 8
16 16 2 3 9 6 17 3 15 5
3 11 5 6 10 9 9 13 20 0
12 18 14 4 13 9 13 3 5 6
12 4 16 4 16 16 0 2 11 7
15 18 15 7 15 2 3 13 9 12
19 5 3 18 16 10 16 8 14 6
13 11 15 5 6 14 13 16 8 11
15 20 20 11 16 14 16 20 4 12
0 0 20 14 14
17 5 11 16 3
1 6 19 19 4
11 15 11 18 20
15 2 4 1 0
7 9 1 8 8
20 16 11 19 6
13 18 2 3 0
20 13 19 20 10
7 14 8 1 9
18 19 10 6 5
17 14 16 12 0
0 11 0 9 13
6 13 13 0 20
0 7 0 10 5
8 0 5 13 7
20 7 9 9 17
20 4 14 3 8
20 5 8 5 2
11 11 2 12 5
9 4 0 6 20
20 15 19 4 11
7 20 5 17 3
12 1 6 11 6
13 7 2 0 3
15 16 6 15 17
10 16 5 1 4
0 1 12 5 6
18 14 19 16 20
3 12 6 10 11
20 17 14 17 1
16 4 13 13 17
2 20 16 11 4
6 4 8 2 13
19 13 8 16 2
2 13 5 3 19
9 15 8 11 20
5 17 15 1 7
1 6 0 1 4
12 16 19 0 5
4 20 9 9 10
15 1 18 10 16
2 15 3 8 0
2 5 5 5 7
4 1 6 5 10
13 6 3 9 5
8 15 17 20 3
11 11 12 10 15
13 15 20 7 19
17 19 2 3 3
20 1 12 14 11
13 9 17 13 15
13 13 14 0 12
14 10 20 5 8
3 16 8 3 0
8 2 4 18 7
0 17 18 13 13
6 1 19 6 3
9 3 16 9 0
15 0 6 6 6
4 16 18 3 12
16 1 16 13 18
6 4 15 5 14
15 10 7 2 12
1 1 15 13 6
11 14 5 7 3
11 13 3 15 11
10 18 16 18 11
16 16 14 10 17
18 6 19 4 13
14 16 8 15 17
15 14 15 17 13
19 15 10 10 8
5 15 16 13 2
14 18 10 7 8
12 14 7 5 2
12 7 1 20 16
15 4 12 11 1
11 9 9 10 10
18 14 10 7 5
14 14 18 16 12
18 16 13 16 12
1 0 13 3 9
14 11 13 18 5
11 3 6 5 15
2 16 8 6 4
7 0 18 7 4
0 3 9 10 9
16 0 18 10 7
10 12 9 1 12
6 1 2 20 20
14 4 19 6 1
19 20 12 3 9
2 13 1 15 12
8 3 18 5 4
4 11 13 8 12
11 15 10 7 5
0 17 0 13 11
2 17 9 16 16
5 6 20 0 15