5 8 5
19 11 3 17 12 18 18 15
12 16 0 0 17 19 3 13
5 4 19 0 7 17 16 12
5 16 14 14 4 17 11 13
13 11 15 14 1 1 19 12
0 19 19 19 16 11 20 5
15 18 19 7 18 7 20 17
12 5 19 2 20 5 19 17
5 12 4 0 8 12 16 9
0 15 4 19 2 17 9 0
17 5 1 1 14
19 4 13 13 12
14 12 7 1 14
2 7 17 17 15
10 9 16 6 15
15 4 2 14 13
14 6 18 8 2
11 17 5 11 14
0 3 3 6 12
17 5 1 18 0
17 11 13 13 11
12 1 1 15 0
17 19 11 0 2
1 11 15 2 6
19 3 18 13 5
1 15 0 0 4
2 17 0 17 7
13 15 20 3 16
17 6 7 10 17
9 4 13 6 20
2 12 8 12 17
18 14 19 11 10
11 14 12 2 5
13 8 7 5 18
8 7 9 16 18
16 13 18 16 20
9 3 2 20 1
13 2 8 7 17
9 17 16 16 0
5 20 5 9 14
19 3 18 4 19
1 6 2 7 18
18 13 2 18 5
20 4 15 15 8
13 4 1 11 3
15 11 0 16 15
9 5 3 0 1
4 13 9 9 10
8 19 12 17 17
18 12 9 8 19