5 10 2
760 845 2 491 557 291 772 689 587 912
922 77 488 227 561 889 580 930 359 930
940 231 10 351 930 231 443 185 91 271
932 583 427 766 15 13 372 61 101 115
974 439 361 662 94 561 960 107 624 938
208 786 382 71 48 862 390 873 918 494
763 149 151 482 254 695 440 367 776 68
623 955 246 407 529
78 79 949 637 320
775 816 808 934 707
285 394 961 295 490
539 211 880 517 105
107 193 103 540 415
935 132 494 443 603
121 738 457 96 893
873 929 568 749 953
314 530 429 181 238
886 862 836 350 402
256 654 304 937 463
403 476 35 294 425
324 263 807 135 969
65 473 196 277 305
615 898 311 734 281
289 165 586 860 501
564 858 393 183 863
696 906 157 933 620
611 280 454 899 324