5 10 10
8 2 1 15 11 7 18 1 1 17
10 2 8 8 10 4 8 8 12 15
13 15 12 17 8 3 15 17 0 5
13 12 3 19 6 6 10 6 3 1
13 18 16 11 18 1 14 9 8 19
18 14 18 20 7 4 13 17 20 18
20 6 13 0 6 7 14 18 3 3
2 15 13 14 1 13 17 19 12 4
20 11 6 4 7 9 4 10 14 19
16 11 1 14 13 20 17 16 11 6
20 10 9 16 18 14 14 4 13 4
14 2 10 6 12 0 5 8 0 16
16 1 16 3 17 15 0 4 9 13
2 20 2 3 18 19 10 17 5 3
6 14 10 5 6 18 5 10 9 16
6 18 13 11 14
14 20 6 2 17
15 8 17 3 7
1 3 14 7 15
15 1 20 12 20
4 19 9 2 11
4 9 5 9 5
15 7 20 7 17
2 13 15 0 12
6 16 6 5 3
4 0 11 11 17
18 1 18 6 7
3 20 19 2 19
9 11 3 19 13
15 1 0 10 20
20 6 6 3 6
9 9 6 18 9
7 8 10 16 16
9 13 1 18 16
4 8 2 13 1
19 19 19 5 0
2 14 18 13 19
0 15 2 14 0
1 9 11 11 16
2 13 2 19 1
16 16 7 12 13
14 18 8 15 11
10 17 5 4 4
14 18 10 13 8
1 1 2 2 20
0 7 3 1 20
15 8 17 11 17
18 1 13 11 6
5 20 0 2 13
12 15 9 1 2
18 9 1 11 1
2 9 12 18 8
18 18 10 4 4
15 12 16 17 7
5 19 6 12 13
20 0 6 1 5
10 17 18 3 12
18 1 10 3 19
0 10 8 11 2
8 18 0 20 10
1 20 17 9 15
6 16 6 5 10
11 6 0 17 5
7 19 6 18 2
14 17 9 4 19
18 2 8 15 7
11 3 3 2 11
15 7 7 7 10
17 17 0 14 8
16 5 2 6 9
18 2 17 19 18
9 6 9 0 1
20 5 10 13 5
18 20 19 9 0
10 17 2 16 5
4 8 11 17 10
10 17 15 16 8
9 15 8 20 15
20 15 11 0 11
14 11 18 4 13
3 5 19 4 7
5 13 2 2 3
20 10 6 6 4
8 19 12 7 6
5 3 13 1 6
5 13 8 11 16
0 20 2 17 9
17 15 19 2 4
17 12 2 5 4
5 5 19 7 12
11 18 2 10 20
1 8 1 20 7
8 7 19 20 1
1 12 1 8 20
17 19 12 13 0
11 15 13 9 18
19 4 18 8 11
13 3 13 19 5
13 6 9 20 0
2 17 19 19 7
7 3 0 0 20
17 2 7 20 8
7 6 2 5 1
16 15 20 1 10
12 18 15 12 13
16 14 17 16 1
1 10 12 19 10
18 1 8 14 6
1 14 2 16 13
9 12 0 0 0
3 14 19 11 11
10 3 11 6 9
15 0 18 3 12
13 6 7 3 19
12 1 17 9 11