5 6 10
14 0 10 11 8 8
2 16 14 11 4 8
3 0 5 0 7 0
12 18 13 1 11 4
20 7 8 9 18 5
13 5 11 19 6 9
16 18 16 7 18 4
9 15 0 17 3 7
2 19 2 10 13 12
20 4 17 12 10 20
11 18 10 15 16 4
16 10 16 6 5 11
7 18 8 14 12 10
3 8 10 6 20 20
19 11 20 18 4 2
8 19 13 0 10
1 12 10 20 15
2 8 19 14 8
9 18 19 4 1
3 16 15 17 12
3 8 12 11 11
7 5 7 16 6
16 1 8 1 0
13 4 6 4 13
10 13 1 0 20
20 1 20 9 18
12 10 3 6 11
16 16 20 17 10
18 20 7 12 16
4 8 16 15 17
19 2 18 20 12
6 3 19 1 10
16 8 15 4 20
1 15 9 10 1
14 20 10 0 7
11 20 19 2 16
8 3 5 6 16
19 4 15 17 20
7 7 18 0 18
9 14 15 13 13
13 13 12 15 1
18 9 2 0 0
9 9 20 11 8
2 1 9 16 19
3 20 20 6 1
9 8 4 6 7
17 19 11 0 3
5 12 3 19 9
17 7 20 13 2
10 14 17 18 3
14 15 12 17 18
9 14 5 20 6
10 14 17 3 14
7 3 5 14 19
12 14 18 6 8
4 8 3 19 2
13 5 7 14 12
10 4 5 11 6
3 2 16 10 9
4 15 16 4 14
0 2 15 15 17
9 15 9 10 17
6 12 20 8 1
10 16 19 6 18
17 1 15 3 3
19 17 19 7 5
13 5 4 15 4
12 8 4 3 7
2 2 19 10 0
0 8 12 12 18
16 0 1 10 14
7 14 5 4 12
3 7 5 18 6
11 19 14 11 15
19 0 6 15 0