10 10 10
18 16 13 2 7 7 3 4 3 13
11 6 3 6 4 14 16 0 20 17
5 14 4 17 1 7 11 4 5 14
10 19 10 11 6 5 9 2 9 15
11 3 14 20 16 9 3 14 16 8
13 20 11 7 12 12 13 9 17 12
3 8 6 9 5 0 12 16 1 19
10 13 13 4 7 1 16 6 10 11
3 19 14 6 9 7 1 1 10 0
10 5 13 8 17 4 15 13 5 10
9 9 3 19 11 18 9 17 18 3
5 1 4 9 3 8 5 3 20 11
13 14 3 11 20 17 6 19 13 16
5 10 14 4 16 16 7 3 13 11
0 2 18 7 3 1 19 11 9 19
8 18 12 10 7 1 6 4 2 10
2 17 1 7 18 20 17 13 2 16
14 1 8 17 1 1 16 8 11 17
18 10 10 8 19 15 18 19 18 19
13 3 6 13 4 20 14 2 14 2
13 12 8 6 5 11 18 16 18 3
20 14 17 3 0 16 14 10 17 0
10 4 9 1 3 13 0 16 19 15
4 17 17 3 0 19 19 20 11 19
15 12 4 17 7 15 10 3 9 6
1 6 12 6 14 0 4 19 14 18
8 7 20 16 15 14 0 3 0 11
1 18 3 13 20 20 0 9 17 19
17 7 4 11 7 6 11 14 7 11
12 18 7 12 0 4 9 1 1 19
0 12 16 13 6 8 19 4 11 8
14 12 2 19 15 18 0 0 10 12
5 18 0 7 17 11 5 4 19 20
10 16 6 11 0 10 13 5 12 0
2 13 1 7 18 0 13 14 10 10
14 17 10 7 10 1 20 12 8 7
14 16 10 8 7 16 9 11 5 14
1 13 10 12 3 20 15 20 11 20
8 2 3 11 1 1 1 6 13 13
19 11 16 20 20 6 0 4 20 6
14 7 17 5 19 12 13 4 16 6
5 15 5 12 6 16 1 18 11 15
18 18 7 6 20 8 1 8 3 8
6 17 19 9 11 12 19 6 10 16
14 18 16 6 14 4 20 6 4 6
5 16 11 14 10 18 8 20 16 6
8 19 13 20 7 14 0 8 0 7
14 12 11 8 16 1 19 9 4 7
3 17 10 12 13 1 19 10 4 12
18 12 20 19 17 6 11 9 11 7
15 19 13 15 0 12 5 16 20 19
3 7 14 15 14 0 14 5 16 16
12 12 13 0 15 11 1 9 10 15
10 10 3 19 20 12 9 7 20 15
6 5 13 2 6 2 11 20 19 0
7 0 4 1 20 13 1 20 11 15
0 0 11 14 1 19 17 17 10 14
19 10 7 16 6 14 9 9 17 17
17 11 10 0 7 15 12 8 2 0
2 12 2 18 18 20 3 15 14 11
10 19 8 3 5 8 11 8 14 10
6 6 2 15 15 14 8 18 19 2
12 6 17 15 18 3 6 18 6 1
13 4 19 12 19 7 20 7 8 6
0 3 2 5 13 12 12 15 18 14
11 12 18 19 8 20 10 10 17 17
19 5 12 11 17 18 16 3 7 1
16 14 17 5 13 6 5 9 14 20
16 5 2 8 6 13 16 16 6 7
16 17 14 11 12 2 18 13 5 6
3 9 15 4 0 6 16 13 9 3
4 1 5 5 7 16 18 10 1 3
14 0 0 2 16 3 15 15 20 14
20 20 9 11 10 2 7 2 2 3
19 15 20 19 3 11 16 11 12 2
3 19 12 10 5 18 11 9 19 10
5 13 3 19 6 1 6 1 18 11
1 17 14 18 7 16 17 0 14 7
13 19 7 12 7 9 2 2 15 14
16 8 6 1 6 6 0 16 1 17
4 3 12 0 20 4 2 10 2 13
11 0 8 17 3 12 19 0 11 20
2 12 17 11 20 14 7 15 2 20
13 11 9 6 7 20 12 18 19 13
10 8 14 8 9 19 4 2 1 8
10 19 8 10 10 12 13 12 5 9
2 1 20 12 2 17 17 3 5 8
16 18 8 16 8 12 18 16 0 4
15 18 16 4 17 6 6 16 3 1
13 7 0 19 1 2 0 1 0 12
12 9 2 10 13 14 9 9 2 11
7 9 12 16 20 2 16 20 3 20
3 19 19 2 0 10 10 7 12 19
6 3 15 19 2 10 4 2 7 11
8 1 4 9 8 5 1 6 11 3
6 4 0 8 9 4 0 11 0 5
10 15 9 8 1 3 11 17 0 18
5 19 0 15 18 6 13 0 4 5
9 20 4 8 8 0 9 17 14 19
16 20 2 18 7 11 18 3 13 7
11 8 9 17 18 11 19 19 6 1
5 14 16 10 8 14 18 18 15 8
1 7 19 10 18 9 2 2 8 7
20 4 14 6 16 11 17 1 11 14
8 19 4 18 18 14 11 14 5 11
15 10 11 8 6 0 10 10 2 14
0 0 17 8 4 12 12 19 16 9
3 13 14 17 18 5 11 10 5 8
1 17 13 1 17 2 3 14 15 13
6 7 15 15 15 9 0 20 7 4
6 9 9 4 2 18 8 15 4 1
20 8 8 15 6 11 1 13 16 0
0 15 18 19 4 6 0 7 5 15
4 17 15 15 18 17 7 3 3 0
13 17 10 8 15 17 12 4 20 19
2 18 2 10 9 7 5 3 19 6
20 4 19 11 8 13 20 4 20 19
15 6 6 8 7 17 17 10 9 14
9 12 4 4 9 18 15 9 17 18
5 2 17 20 5 14 8 20 3 10