5 10 8
9 2 7 9 8 19 13 10 7 5
5 11 14 6 12 7 0 7 4 19
5 20 0 7 6 5 8 19 10 14
11 14 12 13 19 15 10 0 14 7
10 11 11 14 16 1 7 4 6 14
6 0 7 1 15 9 15 2 6 3
7 9 17 0 11 5 17 5 7 13
16 1 1 0 2 8 16 14 5 8
8 12 4 19 13 6 16 4 20 7
20 17 0 17 10 4 4 10 12 1
12 4 7 3 14 16 17 16 9 18
8 7 0 10 5 20 18 10 2 20
1 7 1 12 6 7 19 2 19 6
6 6 14 7 1
3 18 3 0 9
6 4 4 7 1
10 16 19 16 0
9 3 17 10 6
12 4 0 6 4
12 11 18 8 11
6 13 10 1 3
17 1 13 13 7
17 19 11 18 1
19 15 0 7 19
18 12 20 19 7
2 2 12 18 1
12 1 7 0 2
1 1 17 8 4
11 9 1 16 16
15 9 0 1 13
2 12 12 11 10
10 7 8 3 18
5 1 10 4 11
5 7 11 14 19
15 8 18 3 3
1 17 5 19 20
16 7 1 8 11
14 15 10 4 6
2 9 13 15 15
9 15 17 4 18
12 0 20 0 10
3 20 2 14 4
18 10 15 10 3
1 14 15 8 2
1 3 16 1 16
12 2 9 6 11
5 9 13 12 1
4 12 17 20 20
9 11 8 15 0
19 8 18 9 9
10 11 8 14 16
0 18 20 14 16
2 13 18 15 11
11 20 12 16 9
9 1 1 19 11
2 15 1 17 16
0 10 12 12 9
7 13 6 2 14
16 0 13 2 20
4 10 10 5 4
13 16 7 19 0
3 17 15 0 16
14 13 7 10 2
9 12 13 1 20
5 20 12 13 14
18 9 2 3 0
18 8 9 17 7
4 2 18 15 19
20 13 13 12 3
4 6 20 12 13
16 9 0 14 15
19 0 5 17 3
11 11 8 9 3
7 3 15 11 3
1 1 7 11 10
10 14 7 6 9
13 13 12 7 3
2 16 5 19 5
3 12 8 0 5
18 8 1 9 12
1 6 1 11 7
2 9 8 12 20
18 12 7 14 10
11 16 2 20 15
2 0 10 18 0
20 14 17 12 2
17 10 4 15 7
16 0 18 4 13
1 15 20 3 17
0 1 8 17 8
20 10 2 14 11
14 0 12 18 13
5 3 5 3 19