5 10 10
224 782 906 227 402 156 85 503 544 346
37 636 236 46 482 687 673 680 468 658
214 706 756 753 416 774 685 163 763 47
226 177 15 394 649 852 517 329 91 918
734 776 942 75 348 770 515 648 760 815
326 52 789 527 718 322 849 446 215 64
498 28 799 309 399 673 720 8 786 470
898 649 196 433 99 727 64 775 136 442
140 99 674 936 131 643 859 212 119 825
798 685 264 163 745 626 262 689 951 1
422 639 184 830 652 156 466 375 678 813
652 17 675 823 598 2 543 208 3 440
162 407 787 849 596 896 232 574 37 533
875 345 931 27 467 888 679 157 472 807
604 279 801 788 6 695 784 542 227 937
126 374 10 178 918
178 349 730 540 342
195 274 249 755 608
17 295 17 467 353
73 170 342 231 909
962 736 498 958 726
412 682 173 769 883
468 184 809 35 687
634 132 864 929 828
671 958 282 267 746
188 140 597 933 603
299 200 144 589 754
756 10 212 408 531
118 319 71 634 704
76 284 330 404 322
543 245 374 455 38
59 310 40 81 45
498 207 78 0 268
430 784 153 206 380
763 66 422 426 221
391 871 659 730 460
391 72 304 251 139
694 376 296 966 363
580 22 589 255 897
688 745 16 74 26
206 283 616 724 178
249 294 693 184 865
867 181 328 569 803
468 458 231 948 950
420 535 307 239 701
68 225 914 92 122
292 85 238 590 414
426 738 887 314 681
251 860 69 851 614
414 129 989 108 804
928 700 619 39 642
608 861 288 914 197
552 757 786 388 325
348 783 758 830 267
730 500 505 925 105
676 180 537 912 664
851 376 586 521 838
365 878 199 593 175
151 376 500 400 368
90 531 279 67 657
343 635 987 936 849
742 121 147 20 304
806 489 226 527 116
383 297 2 631 916
560 375 172 568 883
466 519 34 187 412
3 594 298 755 218
268 696 870 585 743
445 762 780 682 462
248 139 318 370 822
498 958 106 4 310
219 557 344 495 149
597 345 331 508 29
25 762 714 561 359
32 134 728 643 615
674 117 973 475 572
964 263 901 20 510
717 817 113 478 752
774 100 382 923 939
185 370 342 446 697
594 272 392 352 464
723 32 124 865 611
638 514 914 583 903
912 300 371 239 699
502 597 196 359 702
938 320 169 734 26
810 56 468 858 846
221 664 922 879 720
425 515 968 202 423
117 797 351 652 875
253 659 495 374 834
984 600 321 317 201
43 121 133 918 264
605 13 454 278 351
344 558 901 532 82
244 35 618 778 471
187 850 957 275 490
997 506 101 649 306
135 587 466 172 145
894 318 387 662 649
644 571 257 965 589
890 326 418 323 450
969 478 947 951 522
523 90 288 410 779
434 744 509 833 538
683 62 778 469 891
15 282 509 239 630
98 6 105 604 903
867 53 627 106 528
351 252 87 340 236
753 395 719 213 556
668 524 485 205 893
816 909 631 179 58
917 769 55 824 499
1000 989 47 667 899