10 10 10
846 442 715 335 620 605 9 57 267 569
122 975 323 597 647 355 703 958 274 511
883 915 699 558 693 626 476 927 204 184
487 978 655 256 287 10 245 231 404 682
222 38 932 951 754 457 853 507 60 639
189 507 688 239 951 583 43 162 191 684
568 860 878 55 204 281 912 641 421 991
251 369 158 373 582 174 569 893 131 493
867 817 620 589 86 301 751 169 457 370
865 809 861 659 930 321 767 963 771 291
918 37 81 540 17 400 692 975 322 96
273 708 912 308 920 931 903 912 254 344
467 98 723 192 601 976 60 914 111 706
375 568 234 496 134 636 656 35 346 362
586 806 739 994 554 439 938 406 695 301
499 988 606 761 393 31 281 626 867 193
278 661 598 178 537 913 793 678 852 468
327 465 406 467 99 699 293 321 1000 609
465 796 853 877 701 719 156 372 775 724
132 972 965 363 291 54 248 332 347 474
918 944 700 980 490 159 503 971 388 635
825 447 518 799 193 830 490 830 815 687
536 775 738 511 131 565 704 281 92 615
762 418 648 792 875 893 914 233 155 793
192 109 649 4 381 693 720 460 211 99
446 8 811 932 967 244 829 930 77 288
803 863 228 429 254 22 852 667 579 706
213 668 957 168 706 586 663 871 686 673
232 607 625 588 119 9 722 953 262 771
98 145 914 589 752 249 821 690 828 320
403 285 952 196 190 217 176 13 154 451
528 40 213 866 318 755 637 317 373 424
55 890 44 74 85 628 597 639 729 493
345 782 154 159 457 578 720 716 75 686
300 852 884 926 737 154 775 192 617 196
256 896 772 619 5 689 198 691 120 468
261 898 634 776 338 767 402 758 615 506
646 558 202 860 714 445 725 562 323 940
203 204 402 55 149 551 804 482 733 187
519 490 852 83 705 254 930 388 38 778
860 307 163 377 196 969 263 543 732 615
20 656 658 17 305 571 688 678 976 471
935 812 865 153 627 512 202 778 406 588
397 676 900 556 329 368 585 497 660 622
88 752 280 278 836 346 970 771 158 140
80 153 917 176 378 380 222 42 668 784
819 909 448 881 660 251 490 932 356 954
377 471 521 387 764 306 912 575 432 651
872 356 45 987 193 721 630 655 699 609
10 413 669 734 308 148 332 553 760 791
63 924 453 161 459 412 358 749 656 460
179 833 835 436 56 316 312 720 140 495
180 39 353 905 518 910 902 620 322 656
406 70 189 530 66 654 633 764 321 948
423 595 55 355 252 446 392 525 792 787
471 999 825 990 308 396 91 620 651 578
597 189 214 980 308 62 160 986 16 881
401 775 652 804 614 430 938 756 549 413
564 690 313 951 847 922 412 553 976 120
397 590 712 690 129 296 368 612 98 83
597 6 764 479 131 375 201 917 346 418
907 229 741 574 309 608 673 334 75 411
744 265 446 498 228 813 426 987 494 887
937 945 922 895 679 363 582 95 1 690
535 33 634 235 961 314 430 216 667 863
690 799 454 320 358 127 575 688 62 24
239 874 317 49 158 744 650 770 964 637
40 27 356 34 680 609 826 332 732 918
153 611 675 11 474 828 785 171 697 418
121 506 243 2 884 888 705 424 291 434
864 322 481 776 81 754 754 395 98 527
736 645 776 821 156 269 798 630 993 811
319 67 357 698 696 357 823 415 708 521
21 598 228 366 423 478 25 817 573 550
163 599 425 239 119 701 517 280 918 855
20 152 864 799 793 686 90 448 526 947
661 761 342 12 835 856 35 321 492 441
988 352 821 946 534 387 754 582 756 532
223 760 90 34 755 0 343 31 644 455
202 364 887 53 491 931 337 447 206 935
952 603 151 962 644 238 451 676 524 796
765 25 148 965 188 928 696 916 835 31
595 604 701 532 368 341 93 514 409 938
205 795 304 521 316 221 756 490 2 331
690 961 96 624 602 823 103 155 457 105
238 291 199 975 321 454 217 130 717 370
28 787 693 681 237 342 454 872 876 610
97 116 456 522 831 717 664 712 766 208
742 640 851 160 894 929 661 906 82 233
436 569 92 934 170 618 601 563 342 399
86 226 227 791 342 744 121 987 799 278
468 247 788 184 862 799 754 353 614 187
423 950 956 848 154 437 763 864 104 536
685 305 436 59 378 999 515 679 157 758
550 258 396 726 343 673 32 359 560 284
423 808 265 433 515 359 570 183 102 892
607 75 180 656 769 912 678 263 468 50
945 876 343 438 146 589 517 342 745 182
717 644 101 410 475 776 331 814 476 682
28 805 304 571 439 668 174 371 434 768
867 133 818 434 689 571 317 968 857 930
799 979 75 705 186 23 688 80 183 712
569 337 10 952 952 493 63 178 920 392
349 816 321 554 10 819 11 792 938 670
897 80 49 540 70 477 85 660 839 841
824 956 355 298 295 487 473 869 221 294
136 772 652 95 968 401 383 571 321 761
561 252 229 838 864 430 107 773 465 621
67 385 618 108 677 651 176 718 212 956
675 855 64 320 988 106 105 430 931 676
149 304 502 570 794 337 383 588 971 66
244 169 878 454 120 495 393 901 186 71
703 822 384 499 350 150 959 576 430 912
990 822 847 807 334 260 757 958 84 622
987 94 886 150 656 305 233 325 445 174
800 620 68 938 614 171 724 179 147 558
775 100 868 514 617 399 326 285 305 826
130 83 861 714 89 71 135 376 610 40
170 308 511 441 183 37 623 14 61 727
955 780 540 592 495 813 79 873 695 98