0 1294
0 0 0 0 0 
0 4 0 0 0 
0 0 7 5 0 
6 0 0 0 0 
0 0 0 6 0 
0 7 0 0 0 
0 0 0 0 0 
0 0 0 0 0 
0 0 0 13 0 
0 0 0 0 0 
0 0 4 0 8 
0 0 8 0 1 
0 0 0 0 0 
0 0 0 0 5 
0 0 0 0 1 
0 0 0 0 11 
0 0 1 0 0 
0 0 0 0 0 
0 0 0 0 0 
10 4 0 0 0 
5 0 0 0 0 
0 3 0 14 0 
0 0 8 0 0 
0 2 0 7 0 
5 0 0 0 2 
5 0 0 0 3 
0 4 0 0 0 
0 0 0 0 0 
3 4 0 4 0 
0 0 0 0 0 
9 0 0 0 0 
0 0 0 0 0 
0 0 0 0 0 
0 6 0 0 10 
4 0 0 5 0 
0 0 0 0 0 
0 0 0 0 0 
0 2 9 0 0 
0 0 11 0 0 
0 0 0 0 3 
0 11 0 0 0 
0 0 0 0 0 
0 0 0 0 0 
0 0 0 0 0 
0 0 1 0 0 
0 0 0 5 0 
0 0 0 6 0 
0 0 0 0 0 
0 1 0 0 0 
0 0 0 0 0 
0 0 0 2 0 
0 0 0 0 0 
11 0 0 0 0 
0 0 0 11 0 
0 0 0 0 0 
0 0 0 0 0 
0 0 0 0 12 
2 0 0 0 0 
0 0 0 0 0 
0 0 10 0 0 
0 0 5 0 0 
0 9 0 0 0 
0 0 0 0 8 
2 0 0 0 1 
0 0 0 0 0 
0 0 1 0 0 
0 0 0 0 6 
0 0 0 0 0 
0 2 0 0 0 
0 0 0 0 0 
0 0 0 0 0 
1 0 0 4 0 
0 0 0 0 11 
0 0 0 0 1 
0 0 0 0 0 
0 0 0 1 0 
0 0 0 1 0 
0 0 0 0 15 
0 0 5 0 0 
0 11 0 0 8 
5 0 3 0 0 
0 0 0 0 17 
4 4 0 0 0 
0 0 0 2 0 
0 9 0 0 0 
0 0 0 0 0 
4 0 0 3 0 
0 10 0 0 0 
0 0 0 0 8 
0 0 0 19 0 
0 8 0 0 0 
0 0 0 0 2 
0 7 0 0 0 
0 0 14 0 3 
0 0 0 0 0 
0 0 0 3 0 
8 0 10 0 0 
0 0 0 0 0 
5 0 0 0 0 
0 0 0 0 0 
